version: 1
n_points: 68
{
(0, 1, 2, 3, 11, 54) 1.0
(0, 1, 2, 3, 13, 54) 1.0
(0, 1, 2, 3, 14, 54) 1.0
(0, 1, 2, 3, 19, 54) 1.0
(0, 1, 2, 3, 22, 54) 1.0
(0, 1, 2, 3, 25, 54) 1.0
(0, 1, 2, 3, 28, 54) 1.0
(0, 1, 2, 3, 29, 54) 1.0
(0, 1, 2, 3, 32, 54) 1.0
(0, 1, 2, 3, 34, 54) 1.0
(0, 1, 2, 3, 45, 54) 1.0
(0, 1, 2, 3, 46, 54) 1.0
(0, 1, 2, 3, 47, 54) 1.0
(0, 1, 2, 3, 50, 54) 1.0
(0, 1, 2, 3, 51, 54) 1.0
(0, 1, 2, 3, 54, 55) 1.0
(0, 1, 2, 3, 54, 58) 1.0
(0, 1, 2, 3, 54, 59) 1.0
(0, 1, 2, 3, 54, 63) 1.0
(0, 1, 2, 3, 54, 64) 1.0
(0, 1, 2, 3, 54, 65) 1.0
(0, 1, 2, 3, 54, 68) 1.0
(0, 1, 2, 3, 54, 69) 1.0
(0, 1, 2, 3, 54, 70) 1.0
(0, 1, 2, 3, 54, 71) 1.0
(0, 1, 2, 3, 54, 73) 1.0
(0, 1, 2, 3, 54, 74) 1.0
(0, 1, 2, 3, 54, 80) 1.0
(0, 1, 2, 3, 54, 86) 1.0
(0, 1, 2, 3, 54, 88) 1.0
(0, 1, 2, 11, 13, 54) 1.0
(0, 1, 2, 11, 14, 54) 1.0
(0, 1, 2, 11, 19, 54) 1.0
(0, 1, 2, 11, 22, 54) 1.0
(0, 1, 2, 11, 24, 54) 1.0
(0, 1, 2, 11, 25, 54) 1.0
(0, 1, 2, 11, 28, 54) 1.0
(0, 1, 2, 11, 29, 54) 1.0
(0, 1, 2, 11, 32, 54) 1.0
(0, 1, 2, 11, 34, 54) 1.0
(0, 1, 2, 11, 45, 54) 1.0
(0, 1, 2, 11, 47, 54) 1.0
(0, 1, 2, 11, 50, 54) 1.0
(0, 1, 2, 11, 51, 54) 1.0
(0, 1, 2, 11, 54, 55) 1.0
(0, 1, 2, 11, 54, 58) 1.0
(0, 1, 2, 11, 54, 59) 1.0
(0, 1, 2, 11, 54, 62) 1.0
(0, 1, 2, 11, 54, 63) 1.0
(0, 1, 2, 11, 54, 65) 1.0
(0, 1, 2, 11, 54, 68) 1.0
(0, 1, 2, 11, 54, 69) 1.0
(0, 1, 2, 11, 54, 70) 1.0
(0, 1, 2, 11, 54, 71) 1.0
(0, 1, 2, 11, 54, 73) 1.0
(0, 1, 2, 11, 54, 74) 1.0
(0, 1, 2, 11, 54, 80) 1.0
(0, 1, 2, 11, 54, 84) 1.0
(0, 1, 2, 11, 54, 86) 1.0
(0, 1, 2, 11, 54, 88) 1.0
(0, 1, 2, 4, 13, 54) 1.0
(0, 1, 2, 13, 14, 54) 1.0
(0, 1, 2, 13, 19, 54) 1.0
(0, 1, 2, 13, 22, 54) 1.0
(0, 1, 2, 13, 25, 54) 1.0
(0, 1, 2, 13, 28, 54) 1.0
(0, 1, 2, 13, 32, 54) 1.0
(0, 1, 2, 13, 34, 54) 1.0
(0, 1, 2, 13, 45, 54) 1.0
(0, 1, 2, 13, 46, 54) 1.0
(0, 1, 2, 13, 47, 54) 1.0
(0, 1, 2, 13, 50, 54) 1.0
(0, 1, 2, 13, 51, 54) 1.0
(0, 1, 2, 13, 54, 55) 1.0
(0, 1, 2, 13, 54, 58) 1.0
(0, 1, 2, 13, 54, 59) 1.0
(0, 1, 2, 13, 54, 63) 1.0
(0, 1, 2, 13, 54, 64) 1.0
(0, 1, 2, 13, 54, 65) 1.0
(0, 1, 2, 13, 54, 68) 1.0
(0, 1, 2, 13, 54, 69) 1.0
(0, 1, 2, 13, 54, 70) 1.0
(0, 1, 2, 13, 54, 71) 1.0
(0, 1, 2, 13, 54, 73) 1.0
(0, 1, 2, 13, 54, 74) 1.0
(0, 1, 2, 13, 54, 80) 1.0
(0, 1, 2, 13, 54, 86) 1.0
(0, 1, 2, 13, 54, 88) 1.0
(0, 1, 2, 4, 14, 54) 1.0
(0, 1, 2, 7, 14, 54) 1.0
(0, 1, 2, 14, 19, 54) 1.0
}