version: 1
n_points: 68
{
(0, 2, 9, 48) 1.0
(0, 3, 9, 48) 1.0
(0, 4, 9, 48) 1.0
(0, 7, 9, 48) 1.0
(0, 9, 12, 48) 1.0
(0, 9, 13, 48) 1.0
(0, 9, 14, 48) 1.0
(0, 9, 16, 48) 1.0
(0, 9, 30, 48) 1.0
(0, 9, 31, 48) 1.0
(0, 9, 39, 48) 1.0
(0, 9, 41, 48) 1.0
(0, 9, 42, 48) 1.0
(0, 9, 44, 48) 1.0
(0, 9, 46, 48) 1.0
(0, 9, 47, 48) 1.0
(0, 9, 48, 53) 1.0
(0, 9, 48, 55) 1.0
(0, 9, 48, 56) 1.0
(0, 9, 48, 59) 1.0
(0, 9, 48, 61) 1.0
(0, 9, 48, 62) 1.0
(0, 9, 48, 63) 1.0
(0, 9, 48, 64) 1.0
(0, 9, 48, 65) 1.0
(0, 9, 48, 78) 1.0
(0, 1, 13, 48) 1.0
(0, 2, 13, 48) 1.0
(0, 3, 13, 48) 1.0
(0, 4, 13, 48) 1.0
(0, 12, 13, 48) 1.0
(0, 13, 18, 48) 1.0
(0, 13, 19, 48) 1.0
(0, 13, 21, 48) 1.0
(0, 13, 22, 48) 1.0
(0, 13, 24, 48) 1.0
(0, 13, 25, 48) 1.0
(0, 13, 26, 48) 1.0
(0, 13, 29, 48) 1.0
(0, 13, 31, 48) 1.0
(0, 13, 38, 48) 1.0
(0, 13, 41, 48) 1.0
(0, 13, 42, 48) 1.0
(0, 13, 43, 48) 1.0
(0, 13, 46, 48) 1.0
(0, 13, 47, 48) 1.0
(0, 13, 48, 49) 1.0
(0, 13, 48, 52) 1.0
(0, 13, 48, 53) 1.0
(0, 13, 48, 57) 1.0
(0, 13, 48, 58) 1.0
(0, 13, 48, 61) 1.0
(0, 13, 48, 62) 1.0
(0, 13, 48, 63) 1.0
(0, 13, 48, 64) 1.0
(0, 13, 48, 65) 1.0
(0, 13, 48, 71) 1.0
(0, 3, 14, 48) 1.0
(0, 8, 14, 48) 1.0
(0, 12, 14, 48) 1.0
(0, 14, 15, 48) 1.0
(0, 14, 35, 48) 1.0
(0, 14, 37, 48) 1.0
(0, 14, 38, 48) 1.0
(0, 14, 39, 48) 1.0
(0, 14, 42, 48) 1.0
(0, 14, 46, 48) 1.0
(0, 14, 47, 48) 1.0
(0, 14, 48, 51) 1.0
(0, 14, 48, 52) 1.0
(0, 14, 48, 53) 1.0
(0, 14, 48, 57) 1.0
(0, 14, 48, 58) 1.0
(0, 14, 48, 59) 1.0
(0, 14, 48, 61) 1.0
(0, 14, 48, 62) 1.0
(0, 14, 48, 64) 1.0
(0, 14, 48, 65) 1.0
(0, 14, 48, 66) 1.0
}