version: 1
n_points: 68
{
(0, 48) 1.0
(2, 39) 1.0
(3, 48) 1.0
(4, 48) 1.0
(5, 35) 1.0
(5, 37) 1.0
(5, 39) 1.0
(6, 23) 1.0
(7, 35) 1.0
(8, 23) 1.0
(9, 15) 1.0
(9, 48) 1.0
(9, 76) 1.0
(12, 15) 1.0
(12, 35) 1.0
(13, 35) 1.0
(13, 48) 1.0
(14, 35) 1.0
(14, 37) 1.0
(14, 48) 1.0
(14, 57) 1.0
(15, 35) 1.0
(15, 37) 1.0
(15, 39) 1.0
(15, 42) 1.0
(15, 46) 1.0
(15, 47) 1.0
(15, 53) 1.0
(15, 57) 1.0
(16, 35) 1.0
(16, 37) 1.0
(16, 57) 1.0
(16, 61) 1.0
(23, 76) 1.0
(31, 35) 1.0
(31, 37) 1.0
(31, 48) 1.0
(34, 50) 1.0
(35, 52) 1.0
(35, 57) 1.0
(35, 58) 1.0
(35, 64) 1.0
(35, 76) 1.0
(36, 45) 1.0
(36, 50) 1.0
(37, 51) 1.0
(37, 76) 1.0
(39, 44) 1.0
(39, 46) 1.0
(39, 48) 1.0
(48, 67) 1.0
(0, 2) 0.8333333333333333
(0, 39) 0.8333333333333333
(2, 9) 0.8333333333333333
(2, 29) 0.8333333333333333
(2, 48) 0.8333333333333333
(3, 8) 0.8333333333333333
(3, 9) 0.8333333333333333
(3, 13) 0.8333333333333333
(3, 15) 0.8333333333333333
(4, 9) 0.8333333333333333
(4, 49) 0.8333333333333333
(4, 59) 0.8333333333333333
(5, 8) 0.8333333333333333
(5, 9) 0.8333333333333333
(5, 12) 0.8333333333333333
(5, 23) 0.8333333333333333
(5, 48) 0.8333333333333333
(5, 49) 0.8333333333333333
(5, 57) 0.8333333333333333
(5, 63) 0.8333333333333333
(6, 31) 0.8333333333333333
(6, 34) 0.8333333333333333
(6, 35) 0.8333333333333333
(6, 37) 0.8333333333333333
(6, 39) 0.8333333333333333
(6, 45) 0.8333333333333333
(6, 48) 0.8333333333333333
(6, 57) 0.8333333333333333
}