version: 1
n_points: 68
{
(0, 9, 48) 1.0
(0, 13, 48) 1.0
(0, 14, 48) 1.0
(0, 16, 48) 1.0
(0, 29, 48) 1.0
(0, 31, 48) 1.0
(0, 39, 48) 1.0
(0, 42, 48) 1.0
(0, 46, 48) 1.0
(0, 47, 48) 1.0
(0, 48, 49) 1.0
(0, 48, 52) 1.0
(0, 48, 53) 1.0
(0, 48, 56) 1.0
(0, 48, 57) 1.0
(0, 48, 58) 1.0
(0, 48, 67) 1.0
(0, 48, 68) 1.0
(0, 2, 39) 1.0
(2, 5, 39) 1.0
(2, 3, 48) 1.0
(3, 4, 48) 1.0
(3, 9, 48) 1.0
(3, 13, 48) 1.0
(3, 14, 48) 1.0
(3, 18, 48) 1.0
(3, 26, 48) 1.0
(3, 29, 48) 1.0
(3, 31, 48) 1.0
(3, 41, 48) 1.0
(3, 42, 48) 1.0
(3, 47, 48) 1.0
(3, 48, 49) 1.0
(3, 48, 52) 1.0
(3, 48, 53) 1.0
(3, 48, 57) 1.0
(3, 48, 62) 1.0
(3, 48, 63) 1.0
(3, 48, 65) 1.0
(3, 48, 71) 1.0
(4, 9, 48) 1.0
(4, 13, 48) 1.0
(4, 15, 48) 1.0
(4, 21, 48) 1.0
(4, 24, 48) 1.0
(4, 26, 48) 1.0
(4, 28, 48) 1.0
(4, 31, 48) 1.0
(4, 41, 48) 1.0
(4, 46, 48) 1.0
(4, 47, 48) 1.0
(4, 48, 53) 1.0
(4, 48, 62) 1.0
(4, 48, 65) 1.0
(4, 48, 71) 1.0
(5, 9, 35) 1.0
(5, 12, 35) 1.0
(5, 13, 35) 1.0
(5, 15, 35) 1.0
(5, 16, 35) 1.0
(5, 23, 35) 1.0
(5, 31, 35) 1.0
(5, 35, 37) 1.0
(5, 35, 49) 1.0
(5, 35, 52) 1.0
(5, 35, 57) 1.0
(5, 35, 64) 1.0
(5, 35, 75) 1.0
(5, 35, 76) 1.0
(5, 35, 78) 1.0
(5, 9, 37) 1.0
(5, 15, 37) 1.0
(5, 31, 37) 1.0
(5, 37, 55) 1.0
(5, 37, 71) 1.0
(5, 37, 75) 1.0
(5, 37, 76) 1.0
(0, 5, 39) 1.0
(5, 15, 39) 1.0
}