version: 1
n_points: 68
{
30.25 34.75
34.75 39.5
39.5 41.5
41.5 43.5
43.5 45.75
45.75 47.25
47.25 49.25
49.25 52.75
52.75 54.25
54.25 57.0
57.0 59.0
59.0 60.25
60.25 64.0
64.0 67.5
67.5 71.25
71.25 72.5
72.5 78.0
78.0 81.5
81.5 83.0
83.0 87.75
87.75 92.0
92.0 96.25
96.25 102.5
102.5 107.0
107.0 114.0
114.0 120.5
120.5 122.25
122.25 127.75
127.75 133.0
133.0 137.75
137.75 139.0
139.0 145.25
145.25 149.0
149.0 152.75
152.75 161.75
161.75 163.75
163.75 169.5
169.5 176.25
176.25 183.75
183.75 186.25
186.25 199.75
199.75 202.5
202.5 211.5
211.5 216.5
216.5 225.0
225.0 228.75
228.75 236.0
236.0 244.5
244.5 248.75
248.75 257.0
257.0 288.75
288.75 314.0
314.0 322.0
322.0 327.0
327.0 333.5
333.5 345.5
345.5 353.5
353.5 371.25
371.25 375.5
375.5 383.25
383.25 386.75
386.75 394.75
394.75 399.25
399.25 407.5
407.5 422.5
422.5 437.0
437.0 444.0
444.0 448.25
448.25 457.0
457.0 462.0
462.0 468.5
468.5 473.25
473.25 477.25
477.25 482.5
482.5 490.25
490.25 494.5
494.5 500.5
500.5 513.5
513.5 518.25
518.25 533.25
533.25 538.25
538.25 544.25
544.25 547.5
547.5 551.0
551.0 556.5
556.5 558.25
558.25 559.5
559.5 571.75
571.75 585.25
585.25 619.75
619.75 620.75
621.0 621.5
}