(38, 53, 118) : [1.0, 4.0564819207303355e+32],
(38, 53, 159) : [1.0, 4.0564819207303355e+32],
(38, 53, 162) : [1.0, 4.0564819207303355e+32],
(38, 53, 171) : [1.0, 4.0564819207303355e+32],
(38, 53, 172) : [1.0, 4.0564819207303355e+32],
(38, 53, 177) : [1.0, 4.0564819207303355e+32],
(38, 53, 178) : [1.0, 4.0564819207303355e+32],
(38, 53, 179) : [1.0, 4.0564819207303355e+32],
(38, 53, 182) : [1.0, 4.0564819207303355e+32],
(38, 53, 183) : [1.0, 4.0564819207303355e+32],
(38, 53, 184) : [1.0, 4.0564819207303355e+32],
(38, 53, 195) : [1.0, 4.0564819207303355e+32],
(47, 53, 118) : [1.0, 4.0564819207303355e+32],
(47, 53, 159) : [1.0, 4.0564819207303355e+32],
(47, 53, 162) : [1.0, 4.0564819207303355e+32],
(47, 53, 171) : [1.0, 4.0564819207303355e+32],
(47, 53, 172) : [1.0, 4.0564819207303355e+32],
(47, 53, 177) : [1.0, 4.0564819207303355e+32],
(47, 53, 178) : [1.0, 4.0564819207303355e+32],
(47, 53, 179) : [1.0, 4.0564819207303355e+32],
(47, 53, 182) : [1.0, 4.0564819207303355e+32],
(47, 53, 183) : [1.0, 4.0564819207303355e+32],
(47, 53, 184) : [1.0, 4.0564819207303355e+32],
(47, 53, 195) : [1.0, 4.0564819207303355e+32],
(53, 59, 118) : [1.0, 4.0564819207303355e+32],
(53, 59, 159) : [1.0, 4.0564819207303355e+32],
(53, 59, 162) : [1.0, 4.0564819207303355e+32],
(53, 59, 171) : [1.0, 4.0564819207303355e+32],
(53, 59, 172) : [1.0, 4.0564819207303355e+32],
(53, 59, 177) : [1.0, 4.0564819207303355e+32],
(53, 59, 178) : [1.0, 4.0564819207303355e+32],
(53, 59, 179) : [1.0, 4.0564819207303355e+32],
(53, 59, 182) : [1.0, 4.0564819207303355e+32],
(53, 59, 183) : [1.0, 4.0564819207303355e+32],
(53, 59, 184) : [1.0, 4.0564819207303355e+32],
(53, 59, 195) : [1.0, 4.0564819207303355e+32],
(53, 156, 159) : [1.0, 4.0564819207303355e+32],
(53, 156, 162) : [1.0, 4.0564819207303355e+32],
(53, 156, 171) : [1.0, 4.0564819207303355e+32],
(53, 156, 172) : [1.0, 4.0564819207303355e+32],
(53, 156, 177) : [1.0, 4.0564819207303355e+32],
(53, 156, 178) : [1.0, 4.0564819207303355e+32],
(53, 156, 179) : [1.0, 4.0564819207303355e+32],
(53, 156, 182) : [1.0, 4.0564819207303355e+32],
(53, 156, 183) : [1.0, 4.0564819207303355e+32],
(53, 156, 184) : [1.0, 4.0564819207303355e+32],
(53, 156, 195) : [1.0, 4.0564819207303355e+32],
(113, 138, 159) : [1.0, 4.0564819207303355e+32],
(113, 138, 162) : [1.0, 4.0564819207303355e+32],
(113, 138, 171) : [1.0, 4.0564819207303355e+32],
(113, 138, 172) : [1.0, 4.0564819207303355e+32],
(113, 138, 177) : [1.0, 4.0564819207303355e+32],
(113, 138, 178) : [1.0, 4.0564819207303355e+32],
(113, 138, 179) : [1.0, 4.0564819207303355e+32],
(113, 138, 182) : [1.0, 4.0564819207303355e+32],
(113, 138, 183) : [1.0, 4.0564819207303355e+32],
(113, 138, 184) : [1.0, 4.0564819207303355e+32],
(113, 138, 195) : [1.0, 4.0564819207303355e+32],
(113, 161, 162) : [1.0, 4.0564819207303355e+32],
(113, 161, 171) : [1.0, 4.0564819207303355e+32],
(113, 161, 172) : [1.0, 4.0564819207303355e+32],
(113, 161, 177) : [1.0, 4.0564819207303355e+32],
(113, 161, 178) : [1.0, 4.0564819207303355e+32],
(113, 161, 179) : [1.0, 4.0564819207303355e+32],
(113, 161, 182) : [1.0, 4.0564819207303355e+32],
(113, 161, 183) : [1.0, 4.0564819207303355e+32],
(113, 161, 184) : [1.0, 4.0564819207303355e+32],
(113, 161, 195) : [1.0, 4.0564819207303355e+32],
(113, 167, 171) : [1.0, 4.0564819207303355e+32],
(113, 167, 172) : [1.0, 4.0564819207303355e+32],
(113, 167, 177) : [1.0, 4.0564819207303355e+32],
(113, 167, 178) : [1.0, 4.0564819207303355e+32],
(113, 167, 179) : [1.0, 4.0564819207303355e+32],
(113, 167, 182) : [1.0, 4.0564819207303355e+32],
(113, 167, 183) : [1.0, 4.0564819207303355e+32],
(113, 167, 184) : [1.0, 4.0564819207303355e+32],
(113, 167, 195) : [1.0, 4.0564819207303355e+32],
(80, 118, 143) : [1.0, 4.056481920730335e+32],
(80, 118, 170) : [1.0, 4.056481920730335e+32],
(80, 159, 170) : [1.0, 4.056481920730335e+32],
(80, 162, 170) : [1.0, 4.056481920730335e+32],
(80, 118, 190) : [1.0, 4.056481920730335e+32],
(80, 159, 190) : [1.0, 4.056481920730335e+32],
(80, 162, 190) : [1.0, 4.056481920730335e+32],
(80, 171, 190) : [1.0, 4.056481920730335e+32],
(80, 172, 190) : [1.0, 4.056481920730335e+32],
(80, 177, 190) : [1.0, 4.056481920730335e+32],
(80, 178, 190) : [1.0, 4.056481920730335e+32],
(80, 179, 190) : [1.0, 4.056481920730335e+32],
(80, 182, 190) : [1.0, 4.056481920730335e+32],
(80, 183, 190) : [1.0, 4.056481920730335e+32],
(80, 184, 190) : [1.0, 4.056481920730335e+32],
(112, 118, 143) : [1.0, 4.056481920730335e+32],
(112, 118, 170) : [1.0, 4.056481920730335e+32],
(112, 159, 170) : [1.0, 4.056481920730335e+32],
(112, 162, 170) : [1.0, 4.056481920730335e+32],
(112, 118, 190) : [1.0, 4.056481920730335e+32],
(112, 159, 190) : [1.0, 4.056481920730335e+32],
(112, 162, 190) : [1.0, 4.056481920730335e+32],
(112, 171, 190) : [1.0, 4.056481920730335e+32],
(112, 172, 190) : [1.0, 4.056481920730335e+32],
(112, 177, 190) : [1.0, 4.056481920730335e+32],
(112, 178, 190) : [1.0, 4.056481920730335e+32],
(112, 179, 190) : [1.0, 4.056481920730335e+32],
(112, 182, 190) : [1.0, 4.056481920730335e+32],
(112, 183, 190) : [1.0, 4.056481920730335e+32],
(112, 184, 190) : [1.0, 4.056481920730335e+32],
(181, 182, 190) : [1.0, 4.056481920730335e+32],
(181, 183, 190) : [1.0, 4.056481920730335e+32],
(181, 184, 190) : [1.0, 4.056481920730335e+32],
(2, 80, 95) : [1.0, 3.042361440547753e+32],
(2, 80, 143) : [1.0, 3.042361440547753e+32],
(2, 80, 170) : [1.0, 3.042361440547753e+32],
(2, 80, 190) : [1.0, 3.042361440547753e+32],
(2, 112, 143) : [1.0, 3.042361440547753e+32],
(2, 112, 170) : [1.0, 3.042361440547753e+32],
(2, 112, 190) : [1.0, 3.042361440547753e+32],
(2, 181, 190) : [1.0, 3.042361440547753e+32],
(53, 118, 156) : [1.0, 2.0282409603651674e+32],
(113, 118, 138) : [1.0, 2.0282409603651674e+32],
(113, 118, 161) : [1.0, 2.0282409603651674e+32],
(113, 159, 161) : [1.0, 2.0282409603651674e+32],
(113, 118, 167) : [1.0, 2.0282409603651674e+32],
(113, 159, 167) : [1.0, 2.0282409603651674e+32],
(113, 162, 167) : [1.0, 2.0282409603651674e+32],
(95, 118, 181) : [1.0, 2.0282409603651674e+32],
(95, 159, 181) : [1.0, 2.0282409603651674e+32],
(95, 162, 181) : [1.0, 2.0282409603651674e+32],
(95, 171, 181) : [1.0, 2.0282409603651674e+32],
(95, 172, 181) : [1.0, 2.0282409603651674e+32],
(95, 177, 181) : [1.0, 2.0282409603651674e+32],
(95, 178, 181) : [1.0, 2.0282409603651674e+32],
(95, 179, 181) : [1.0, 2.0282409603651674e+32],
(143, 159, 181) : [1.0, 2.0282409603651674e+32],
(143, 162, 181) : [1.0, 2.0282409603651674e+32],
(143, 171, 181) : [1.0, 2.0282409603651674e+32],
(143, 172, 181) : [1.0, 2.0282409603651674e+32],
(143, 177, 181) : [1.0, 2.0282409603651674e+32],
(143, 178, 181) : [1.0, 2.0282409603651674e+32],
(143, 179, 181) : [1.0, 2.0282409603651674e+32],
(170, 171, 181) : [1.0, 2.0282409603651674e+32],
(170, 172, 181) : [1.0, 2.0282409603651674e+32],
(170, 177, 181) : [1.0, 2.0282409603651674e+32],
(170, 178, 181) : [1.0, 2.0282409603651674e+32],
(170, 179, 181) : [1.0, 2.0282409603651674e+32],
(95, 112, 118) : [1.0, 1.3521606402434444e+32],
(95, 112, 159) : [1.0, 1.3521606402434444e+32],
(95, 112, 162) : [1.0, 1.3521606402434444e+32],
(95, 112, 171) : [1.0, 1.3521606402434444e+32],
(95, 112, 172) : [1.0, 1.3521606402434444e+32],
(95, 112, 177) : [1.0, 1.3521606402434444e+32],
(95, 112, 178) : [1.0, 1.3521606402434444e+32],
(95, 112, 179) : [1.0, 1.3521606402434444e+32],
(95, 112, 182) : [1.0, 1.3521606402434444e+32],
(95, 112, 183) : [1.0, 1.3521606402434444e+32],
(95, 112, 184) : [1.0, 1.3521606402434444e+32],
(95, 112, 195) : [1.0, 1.3521606402434444e+32],
(95, 181, 182) : [1.0, 1.3521606402434444e+32],
(95, 181, 183) : [1.0, 1.3521606402434444e+32],
(95, 181, 184) : [1.0, 1.3521606402434444e+32],
(95, 181, 195) : [1.0, 1.3521606402434444e+32],
(143, 181, 182) : [1.0, 1.3521606402434444e+32],
(143, 181, 183) : [1.0, 1.3521606402434444e+32],
(143, 181, 184) : [1.0, 1.3521606402434444e+32],
(143, 181, 195) : [1.0, 1.3521606402434444e+32],
(170, 181, 182) : [1.0, 1.3521606402434444e+32],
(170, 181, 183) : [1.0, 1.3521606402434444e+32],
(170, 181, 184) : [1.0, 1.3521606402434444e+32],
(170, 181, 195) : [1.0, 1.3521606402434444e+32],
(3, 38, 53) : [1.0, 1.014120480182583e+32],
(22, 38, 53) : [1.0, 1.014120480182583e+32],
(3, 47, 53) : [1.0, 1.014120480182583e+32],
(22, 47, 53) : [1.0, 1.014120480182583e+32],
(3, 80, 95) : [1.0, 1.014120480182583e+32],
(22, 80, 95) : [1.0, 1.014120480182583e+32],
(3, 80, 143) : [1.0, 1.014120480182583e+32],
(22, 80, 143) : [1.0, 1.014120480182583e+32],
(3, 80, 170) : [1.0, 1.014120480182583e+32],
(22, 80, 170) : [1.0, 1.014120480182583e+32],
(3, 80, 190) : [1.0, 1.014120480182583e+32],
(22, 80, 190) : [1.0, 1.014120480182583e+32],
(3, 112, 143) : [1.0, 1.014120480182583e+32],
(22, 112, 143) : [1.0, 1.014120480182583e+32],
(3, 112, 170) : [1.0, 1.014120480182583e+32],
(22, 112, 170) : [1.0, 1.014120480182583e+32],
(3, 112, 190) : [1.0, 1.014120480182583e+32],
(22, 112, 190) : [1.0, 1.014120480182583e+32],
(3, 181, 190) : [1.0, 1.014120480182583e+32],
(22, 181, 190) : [1.0, 1.014120480182583e+32],
(118, 181, 190) : [1.0, 1.014120480182583e+32],
(159, 181, 190) : [1.0, 1.014120480182583e+32],
(162, 181, 190) : [1.0, 1.014120480182583e+32],
(171, 181, 190) : [1.0, 1.014120480182583e+32],
(172, 181, 190) : [1.0, 1.014120480182583e+32],
(177, 181, 190) : [1.0, 1.014120480182583e+32],
(178, 181, 190) : [1.0, 1.014120480182583e+32],
(179, 181, 190) : [1.0, 1.014120480182583e+32],
(2, 38, 53) : [1.0, 1.0141204801825828e+32],
(2, 47, 53) : [1.0, 1.0141204801825828e+32],
(2, 53, 59) : [1.0, 1.0141204801825828e+32],
