(1, 6, 7, 48, 57, 58, 59, 61, 64, 68, 69, 70, 75, 78, 79) : [1.0, 7.255104265439736],
(1, 6, 7, 48, 57, 58, 61, 68, 69, 70, 73, 75, 78, 79, 86) : [1.0, 7.193605675815905],
(1, 6, 7, 48, 54, 58, 59, 61, 64, 68, 69, 70, 75, 78, 79) : [1.0, 7.143438795141725],
(1, 6, 7, 48, 58, 59, 61, 64, 68, 69, 70, 73, 75, 78, 79) : [1.0, 7.119604210732099],
(1, 6, 7, 48, 58, 59, 61, 63, 64, 68, 69, 70, 75, 78, 79) : [1.0, 7.113350177183892],
(1, 6, 7, 48, 58, 59, 61, 63, 68, 69, 70, 73, 75, 78, 79) : [1.0, 7.034912301156512],
(1, 6, 7, 48, 58, 59, 61, 64, 68, 69, 70, 75, 78, 79, 86) : [1.0, 7.028720368710594],
(1, 6, 7, 48, 57, 58, 59, 61, 63, 68, 69, 70, 75, 78, 79) : [1.0, 7.018623401143623],
(1, 6, 7, 48, 57, 58, 61, 64, 68, 69, 70, 73, 75, 78, 79) : [1.0, 7.004090859891501],
(1, 6, 7, 48, 57, 58, 61, 63, 68, 69, 70, 73, 75, 78, 79) : [1.0, 6.992984590630013],
(1, 6, 39, 48, 58, 59, 61, 63, 64, 68, 69, 70, 75, 78, 79) : [1.0, 6.991183422719966],
(1, 6, 7, 48, 58, 59, 61, 68, 69, 70, 73, 75, 78, 79, 86) : [1.0, 6.975226293976371],
(1, 6, 7, 48, 58, 59, 61, 63, 68, 69, 70, 75, 78, 79, 86) : [1.0, 6.924780809475567],
(1, 6, 7, 13, 48, 57, 58, 61, 68, 69, 70, 73, 75, 78, 79) : [1.0, 6.913218094100122],
(1, 6, 7, 39, 48, 58, 59, 61, 68, 69, 70, 75, 78, 79, 86) : [1.0, 6.901730346395269],
(1, 6, 7, 48, 57, 61, 64, 68, 69, 70, 73, 75, 78, 79, 86) : [1.0, 6.8985897714928965],
(1, 6, 7, 39, 48, 58, 59, 61, 64, 68, 69, 70, 75, 78, 79) : [1.0, 6.882359114904171],
(1, 6, 7, 48, 57, 58, 59, 61, 68, 69, 70, 75, 78, 79, 86) : [1.0, 6.873079541782315],
(1, 6, 7, 39, 48, 58, 59, 61, 63, 68, 69, 70, 75, 78, 79) : [1.0, 6.869649429283669],
(1, 6, 39, 48, 57, 58, 61, 68, 69, 70, 73, 75, 78, 79, 86) : [1.0, 6.86634717039029],
(1, 6, 7, 48, 54, 58, 61, 68, 69, 70, 73, 75, 78, 79, 86) : [1.0, 6.8593715982216],
(1, 6, 48, 58, 59, 61, 63, 64, 68, 69, 70, 73, 75, 78, 79) : [1.0, 6.858622834150611],
(1, 6, 7, 48, 54, 57, 58, 61, 68, 69, 70, 73, 75, 78, 79) : [1.0, 6.854869606434958],
(1, 6, 7, 48, 57, 58, 59, 61, 68, 69, 70, 73, 75, 78, 79) : [1.0, 6.851990309499898],
(1, 6, 7, 39, 48, 58, 61, 68, 69, 70, 73, 75, 78, 79, 86) : [1.0, 6.817783000856501],
(1, 6, 7, 48, 58, 61, 63, 68, 69, 70, 73, 75, 78, 79, 86) : [1.0, 6.783784067567119],
(1, 6, 39, 48, 58, 61, 63, 68, 69, 70, 73, 75, 78, 79, 86) : [1.0, 6.77640672696413],
(1, 6, 39, 48, 54, 58, 61, 68, 69, 70, 73, 75, 78, 79, 86) : [1.0, 6.775016926847779],
(1, 6, 39, 48, 58, 59, 61, 64, 68, 69, 70, 73, 75, 78, 79) : [1.0, 6.773084059447287],
(1, 6, 7, 48, 54, 58, 61, 64, 68, 69, 70, 73, 75, 78, 79) : [1.0, 6.767176359176136],
(1, 6, 7, 48, 57, 61, 63, 64, 68, 69, 70, 73, 75, 78, 79) : [1.0, 6.759703906221932],
(1, 6, 7, 48, 54, 58, 59, 61, 68, 69, 70, 75, 78, 79, 86) : [1.0, 6.758111997501897],
(1, 6, 39, 48, 57, 58, 61, 64, 68, 69, 70, 73, 75, 78, 79) : [1.0, 6.755439809337551],
(1, 6, 7, 13, 48, 54, 58, 61, 68, 69, 70, 73, 75, 78, 79) : [1.0, 6.750475717787791],
(1, 6, 7, 48, 54, 57, 58, 61, 68, 69, 70, 75, 78, 79, 86) : [1.0, 6.742369337548712],
(1, 6, 39, 48, 58, 61, 64, 68, 69, 70, 73, 75, 78, 79, 86) : [1.0, 6.7250078159072135],
(1, 6, 7, 39, 48, 58, 61, 63, 68, 69, 70, 73, 75, 78, 79) : [1.0, 6.7221392957891215],
(1, 6, 39, 48, 58, 61, 63, 64, 68, 69, 70, 73, 75, 78, 79) : [1.0, 6.713748613254587],
(1, 6, 39, 48, 57, 58, 61, 63, 68, 69, 70, 73, 75, 78, 79) : [1.0, 6.6978088980634825],
(1, 6, 48, 57, 58, 59, 61, 63, 64, 68, 69, 70, 75, 78, 79) : [1.0, 6.689728168301402],
(1, 6, 39, 48, 58, 59, 61, 64, 68, 69, 70, 75, 78, 79, 86) : [1.0, 6.681813331262454],
(1, 6, 7, 13, 48, 58, 61, 68, 69, 70, 73, 75, 78, 79, 86) : [1.0, 6.676607454062166],
(1, 6, 7, 39, 48, 57, 58, 61, 68, 69, 70, 73, 75, 78, 79) : [1.0, 6.675424786580959],
(1, 6, 7, 48, 53, 58, 59, 61, 64, 68, 69, 70, 75, 78, 79) : [1.0, 6.669123753704551],
(1, 6, 7, 48, 57, 61, 63, 68, 69, 70, 73, 75, 78, 79, 86) : [1.0, 6.664380690312393],
(1, 6, 48, 57, 58, 59, 61, 64, 68, 69, 70, 73, 75, 78, 79) : [1.0, 6.661737972436107],
(1, 6, 13, 48, 54, 57, 58, 61, 68, 69, 70, 73, 75, 78, 79) : [1.0, 6.6564862012976915],
(1, 6, 7, 48, 54, 58, 59, 61, 63, 68, 69, 70, 75, 78, 79) : [1.0, 6.65547637933548],
(1, 6, 39, 48, 54, 58, 61, 64, 68, 69, 70, 73, 75, 78, 79) : [1.0, 6.654850314557774],
(1, 6, 7, 48, 54, 58, 61, 63, 68, 69, 70, 73, 75, 78, 79) : [1.0, 6.648111322230068],
(1, 6, 48, 58, 59, 61, 64, 68, 69, 70, 73, 75, 78, 79, 86) : [1.0, 6.644256455858859],
(1, 6, 7, 13, 48, 58, 61, 63, 68, 69, 70, 73, 75, 78, 79) : [1.0, 6.641413138534641],
(1, 6, 7, 48, 58, 61, 63, 64, 68, 69, 70, 73, 75, 78, 79) : [1.0, 6.640124439383608],
(1, 6, 13, 48, 54, 58, 61, 68, 69, 70, 73, 75, 78, 79, 86) : [1.0, 6.630489118484883],
(1, 6, 48, 54, 57, 58, 61, 64, 68, 69, 70, 73, 75, 78, 79) : [1.0, 6.625642860481411],
(1, 6, 7, 39, 48, 61, 64, 68, 69, 70, 73, 75, 78, 79, 86) : [1.0, 6.619014836780162],
(1, 6, 48, 57, 58, 61, 63, 64, 68, 69, 70, 73, 75, 78, 79) : [1.0, 6.6113029874209435],
(1, 6, 7, 48, 54, 57, 58, 61, 64, 68, 69, 70, 75, 78, 79) : [1.0, 6.605340733031438],
(1, 6, 7, 13, 48, 55, 58, 61, 68, 69, 70, 73, 75, 78, 79) : [1.0, 6.605280323237349],
(1, 6, 7, 13, 48, 57, 61, 68, 69, 70, 73, 75, 78, 79, 86) : [1.0, 6.6027572178848715],
(1, 6, 7, 39, 48, 58, 59, 61, 68, 69, 70, 73, 75, 78, 79) : [1.0, 6.599714750934956],
(1, 6, 7, 48, 54, 58, 61, 68, 69, 70, 71, 73, 75, 78, 79) : [1.0, 6.592049663032502],
(1, 6, 7, 39, 48, 61, 63, 68, 69, 70, 73, 75, 78, 79, 86) : [1.0, 6.586127426505202],
(1, 6, 7, 48, 55, 58, 59, 61, 64, 68, 69, 70, 75, 78, 79) : [1.0, 6.579893182737],
(1, 6, 7, 48, 55, 58, 61, 68, 69, 70, 73, 75, 78, 79, 86) : [1.0, 6.579508251603315],
(1, 6, 7, 22, 48, 54, 58, 61, 68, 69, 70, 71, 75, 78, 79) : [1.0, 6.576594696370802],
(1, 6, 7, 48, 57, 58, 61, 68, 69, 70, 71, 73, 75, 78, 79) : [1.0, 6.573617690444911],
(1, 6, 13, 48, 54, 58, 61, 63, 68, 69, 70, 73, 75, 78, 79) : [1.0, 6.5733093587578875],
(1, 6, 39, 48, 57, 58, 59, 61, 64, 68, 69, 70, 75, 78, 79) : [1.0, 6.570447238513258],
(1, 6, 7, 48, 54, 61, 64, 68, 69, 70, 73, 75, 78, 79, 86) : [1.0, 6.567555715613517],
(1, 6, 7, 22, 48, 58, 61, 68, 69, 70, 71, 73, 75, 78, 79) : [1.0, 6.567298497942252],
(1, 6, 7, 41, 48, 58, 59, 61, 64, 68, 69, 70, 75, 78, 79) : [1.0, 6.559864186167959],
(1, 6, 7, 13, 48, 54, 57, 58, 61, 68, 69, 70, 75, 78, 79) : [1.0, 6.557857807113292],
(1, 6, 7, 48, 58, 61, 64, 68, 69, 70, 73, 75, 78, 79, 86) : [1.0, 6.553823126797115],
(1, 6, 7, 13, 48, 57, 58, 59, 61, 68, 69, 70, 75, 78, 79) : [1.0, 6.5526719354926275],
(1, 6, 7, 48, 59, 61, 63, 64, 68, 69, 70, 73, 75, 78, 79) : [1.0, 6.548868356948023],
(1, 6, 7, 48, 54, 57, 58, 59, 61, 68, 69, 70, 75, 78, 79) : [1.0, 6.544928677404305],
(1, 6, 39, 48, 54, 58, 59, 61, 64, 68, 69, 70, 75, 78, 79) : [1.0, 6.537283099118822],
(1, 6, 7, 48, 54, 57, 61, 64, 68, 69, 70, 73, 75, 78, 79) : [1.0, 6.537209308595797],
(1, 6, 7, 13, 48, 58, 59, 61, 63, 68, 69, 70, 75, 78, 79) : [1.0, 6.534496606222147],
(1, 6, 7, 48, 53, 58, 61, 68, 69, 70, 73, 75, 78, 79, 86) : [1.0, 6.533131069829578],
(1, 6, 13, 39, 48, 54, 58, 61, 68, 69, 70, 73, 75, 78, 79) : [1.0, 6.527361009455719],
(1, 6, 7, 13, 39, 48, 58, 61, 68, 69, 70, 73, 75, 78, 79) : [1.0, 6.524034633723512],
(1, 6, 7, 39, 48, 57, 61, 68, 69, 70, 73, 75, 78, 79, 86) : [1.0, 6.521324917415813],
(1, 6, 7, 48, 56, 58, 59, 61, 64, 68, 69, 70, 75, 78, 79) : [1.0, 6.520486036305149],
(1, 6, 13, 39, 48, 58, 61, 63, 68, 69, 70, 73, 75, 78, 79) : [1.0, 6.518677017606467],
(1, 6, 7, 13, 48, 54, 58, 59, 61, 68, 69, 70, 75, 78, 79) : [1.0, 6.514063439777665],
(1, 6, 13, 48, 54, 55, 58, 61, 68, 69, 70, 73, 75, 78, 79) : [1.0, 6.51234208723599],
(1, 6, 7, 13, 48, 58, 59, 61, 68, 69, 70, 73, 75, 78, 79) : [1.0, 6.507523880147888],
(1, 6, 7, 22, 48, 58, 59, 61, 68, 69, 70, 71, 75, 78, 79) : [1.0, 6.50348913849881],
(1, 6, 39, 48, 58, 61, 63, 68, 69, 70, 71, 73, 75, 78, 79) : [1.0, 6.499009679882411],
(1, 6, 7, 13, 48, 57, 61, 64, 68, 69, 70, 73, 75, 78, 79) : [1.0, 6.496752029992751],
(1, 6, 39, 48, 54, 58, 61, 63, 68, 69, 70, 73, 75, 78, 79) : [1.0, 6.495353802223687],
(1, 6, 7, 48, 53, 57, 58, 61, 68, 69, 70, 73, 75, 78, 79) : [1.0, 6.490892946439314],
(1, 6, 7, 48, 54, 55, 58, 61, 68, 69, 70, 73, 75, 78, 79) : [1.0, 6.48745474177313],
(1, 6, 7, 48, 54, 58, 59, 61, 68, 69, 70, 73, 75, 78, 79) : [1.0, 6.487100367250788],
(1, 6, 13, 39, 48, 57, 58, 61, 68, 69, 70, 73, 75, 78, 79) : [1.0, 6.4834303938588675],
(1, 6, 7, 48, 56, 57, 58, 61, 68, 69, 70, 75, 78, 79, 86) : [1.0, 6.482973464810451],
(1, 6, 7, 39, 48, 61, 63, 64, 68, 69, 70, 73, 75, 78, 79) : [1.0, 6.48120380076702],
(1, 6, 39, 48, 54, 57, 58, 61, 68, 69, 70, 73, 75, 78, 79) : [1.0, 6.47906877743993],
(1, 6, 48, 54, 58, 59, 61, 63, 64, 68, 69, 70, 75, 78, 79) : [1.0, 6.47875320094261],
(1, 6, 39, 48, 58, 59, 61, 63, 68, 69, 70, 73, 75, 78, 79) : [1.0, 6.47682473578047],
(1, 6, 7, 48, 59, 61, 64, 68, 69, 70, 73, 75, 78, 79, 86) : [1.0, 6.475825695490246],
(1, 6, 13, 39, 48, 58, 61, 68, 69, 70, 73, 75, 78, 79, 86) : [1.0, 6.4756157893204955],
(1, 6, 7, 39, 48, 58, 61, 64, 68, 69, 70, 73, 75, 78, 79) : [1.0, 6.473647948319882],
(1, 6, 7, 39, 48, 57, 58, 59, 61, 68, 69, 70, 75, 78, 79) : [1.0, 6.464325613280836],
(1, 6, 39, 48, 54, 58, 61, 68, 69, 70, 71, 73, 75, 78, 79) : [1.0, 6.461311274378093],
(1, 6, 7, 48, 53, 58, 59, 61, 63, 68, 69, 70, 75, 78, 79) : [1.0, 6.460645222321704],
(1, 6, 39, 48, 57, 61, 64, 68, 69, 70, 73, 75, 78, 79, 86) : [1.0, 6.458784593713617],
(1, 6, 48, 54, 58, 59, 61, 64, 68, 69, 70, 75, 78, 79, 86) : [1.0, 6.455481556070842],
(1, 6, 7, 48, 55, 58, 61, 63, 68, 69, 70, 73, 75, 78, 79) : [1.0, 6.453248976148541],
(1, 6, 39, 48, 58, 59, 61, 63, 68, 69, 70, 75, 78, 79, 86) : [1.0, 6.447243301903981],
(1, 6, 7, 13, 48, 57, 61, 63, 68, 69, 70, 73, 75, 78, 79) : [1.0, 6.446973548159717],
(1, 6, 13, 48, 54, 58, 61, 64, 68, 69, 70, 73, 75, 78, 79) : [1.0, 6.4467875234542005],
(1, 6, 7, 39, 48, 57, 61, 64, 68, 69, 70, 73, 75, 78, 79) : [1.0, 6.4462161951233385],
(1, 6, 7, 48, 55, 58, 61, 64, 68, 69, 70, 73, 75, 78, 79) : [1.0, 6.4436267775819385],
(1, 6, 7, 48, 54, 57, 58, 61, 68, 69, 70, 71, 75, 78, 79) : [1.0, 6.442981474571241],
(1, 6, 7, 13, 48, 56, 57, 58, 61, 68, 69, 70, 75, 78, 79) : [1.0, 6.4394069433365315],
(1, 6, 13, 48, 57, 58, 61, 63, 68, 69, 70, 73, 75, 78, 79) : [1.0, 6.4372292637791215],
(1, 6, 7, 13, 39, 48, 58, 59, 61, 68, 69, 70, 75, 78, 79) : [1.0, 6.433411813424568],
(1, 6, 7, 48, 56, 58, 61, 64, 68, 69, 70, 73, 75, 78, 79) : [1.0, 6.433206125689422],
(1, 6, 7, 48, 53, 58, 59, 61, 68, 69, 70, 75, 78, 79, 86) : [1.0, 6.433014053817661],
(1, 6, 7, 13, 48, 58, 61, 64, 68, 69, 70, 73, 75, 78, 79) : [1.0, 6.432890940174512],
(1, 6, 7, 48, 55, 57, 58, 61, 68, 69, 70, 73, 75, 78, 79) : [1.0, 6.429705158736718],
(1, 6, 7, 13, 48, 54, 61, 68, 69, 70, 73, 75, 78, 79, 86) : [1.0, 6.420875078383885],
(1, 6, 7, 39, 48, 54, 58, 61, 68, 69, 70, 73, 75, 78, 79) : [1.0, 6.4204204254441795],
(1, 6, 7, 39, 48, 59, 61, 63, 64, 68, 69, 70, 75, 78, 79) : [1.0, 6.414082601777428],
(1, 6, 7, 41, 48, 58, 61, 68, 69, 70, 73, 75, 78, 79, 86) : [1.0, 6.412313685180666],
(1, 6, 7, 48, 61, 63, 64, 68, 69, 70, 73, 75, 78, 79, 86) : [1.0, 6.4095035416057495],
(1, 6, 7, 41, 48, 58, 61, 63, 68, 69, 70, 73, 75, 78, 79) : [1.0, 6.406615067159642],
(1, 6, 7, 13, 48, 58, 59, 61, 64, 68, 69, 70, 75, 78, 79) : [1.0, 6.402161680514858],
(1, 6, 7, 48, 58, 61, 63, 68, 69, 70, 71, 73, 75, 78, 79) : [1.0, 6.401849453176962],
(1, 6, 48, 54, 55, 58, 61, 64, 68, 69, 70, 73, 75, 78, 79) : [1.0, 6.398250968098627],
(1, 6, 39, 48, 61, 63, 64, 68, 69, 70, 73, 75, 78, 79, 86) : [1.0, 6.397163035852766],
(1, 6, 7, 48, 53, 58, 61, 63, 68, 69, 70, 73, 75, 78, 79) : [1.0, 6.395442139310859],
(1, 6, 48, 54, 57, 58, 59, 61, 64, 68, 69, 70, 75, 78, 79) : [1.0, 6.395015669781605],
(1, 6, 7, 48, 56, 57, 58, 61, 64, 68, 69, 70, 75, 78, 79) : [1.0, 6.391353678559622],
(1, 6, 7, 39, 48, 58, 61, 68, 69, 70, 71, 73, 75, 78, 79) : [1.0, 6.3911837251341455],
(1, 6, 7, 48, 57, 59, 61, 63, 64, 68, 69, 70, 75, 78, 79) : [1.0, 6.389571549192089],
(1, 6, 13, 48, 54, 58, 59, 61, 64, 68, 69, 70, 75, 78, 79) : [1.0, 6.3892549617112255],
(1, 6, 7, 48, 54, 58, 61, 64, 68, 69, 70, 75, 78, 79, 86) : [1.0, 6.389237407349173],
(1, 6, 48, 57, 58, 59, 61, 64, 68, 69, 70, 75, 78, 79, 86) : [1.0, 6.388010122855717],
(1, 6, 7, 48, 54, 56, 58, 61, 68, 69, 70, 71, 75, 78, 79) : [1.0, 6.387494075898762],
(1, 6, 48, 57, 58, 61, 64, 68, 69, 70, 73, 75, 78, 79, 86) : [1.0, 6.384781327093661],
(1, 6, 7, 41, 48, 58, 61, 64, 68, 69, 70, 73, 75, 78, 79) : [1.0, 6.384530073380095],
(1, 6, 7, 48, 56, 57, 61, 64, 68, 69, 70, 75, 78, 79, 86) : [1.0, 6.382656637651759],
(1, 6, 7, 48, 55, 58, 59, 61, 68, 69, 70, 73, 75, 78, 79) : [1.0, 6.374027291131226],
(1, 6, 48, 58, 59, 61, 63, 64, 68, 69, 70, 75, 78, 79, 86) : [1.0, 6.373181384226488],
(1, 6, 7, 39, 48, 54, 58, 61, 68, 69, 70, 75, 78, 79, 86) : [1.0, 6.372425461787829],
(1, 6, 13, 48, 54, 56, 58, 61, 64, 68, 69, 70, 75, 78, 79) : [1.0, 6.369871131624923],
(1, 6, 7, 22, 48, 61, 63, 68, 69, 70, 71, 73, 75, 78, 79) : [1.0, 6.369765677217501],
(1, 6, 7, 48, 57, 59, 61, 64, 68, 69, 70, 73, 75, 78, 79) : [1.0, 6.367800378538179],
(1, 6, 7, 39, 48, 54, 58, 59, 61, 68, 69, 70, 75, 78, 79) : [1.0, 6.365908234561177],
(1, 6, 7, 48, 53, 58, 61, 64, 68, 69, 70, 73, 75, 78, 79) : [1.0, 6.364247556851929],
(1, 6, 7, 48, 53, 57, 61, 64, 68, 69, 70, 73, 75, 78, 79) : [1.0, 6.363821988882022],
(1, 6, 48, 57, 58, 61, 63, 68, 69, 70, 73, 75, 78, 79, 86) : [1.0, 6.36084963925795],
(1, 6, 48, 54, 58, 61, 63, 64, 68, 69, 70, 73, 75, 78, 79) : [1.0, 6.356923404255702],
(1, 6, 7, 13, 48, 58, 59, 61, 68, 69, 70, 75, 78, 79, 86) : [1.0, 6.356628472526505],
(1, 6, 13, 48, 58, 59, 61, 63, 68, 69, 70, 73, 75, 78, 79) : [1.0, 6.35338177810239],
(1, 6, 13, 48, 54, 56, 58, 61, 68, 69, 70, 75, 78, 79, 86) : [1.0, 6.352305156460264],
(1, 6, 7, 48, 56, 58, 61, 68, 69, 70, 73, 75, 78, 79, 86) : [1.0, 6.35217815018917],
(1, 6, 7, 13, 48, 54, 58, 61, 68, 69, 70, 75, 78, 79, 86) : [1.0, 6.3518571208344765],
(1, 6, 13, 48, 58, 59, 61, 64, 68, 69, 70, 73, 75, 78, 79) : [1.0, 6.3513583289593045],
(1, 6, 7, 48, 53, 61, 64, 68, 69, 70, 73, 75, 78, 79, 86) : [1.0, 6.35079042311823],
(1, 6, 7, 48, 56, 57, 58, 61, 68, 69, 70, 71, 75, 78, 79) : [1.0, 6.349553411689861],
(1, 6, 39, 48, 54, 58, 61, 64, 68, 69, 70, 75, 78, 79, 86) : [1.0, 6.345849677533892],
(1, 6, 39, 48, 56, 58, 61, 64, 68, 69, 70, 75, 78, 79, 86) : [1.0, 6.345229193057587],
(1, 6, 7, 39, 48, 54, 58, 61, 68, 69, 70, 71, 75, 78, 79) : [1.0, 6.342420007313231],
(1, 6, 7, 39, 48, 59, 61, 64, 68, 69, 70, 75, 78, 79, 86) : [1.0, 6.341361251448115],
(1, 6, 48, 54, 58, 59, 61, 64, 68, 69, 70, 73, 75, 78, 79) : [1.0, 6.337977122651131],
(1, 6, 7, 48, 54, 57, 58, 61, 63, 68, 69, 70, 75, 78, 79) : [1.0, 6.336941396069774],
(1, 6, 7, 48, 55, 58, 59, 61, 63, 68, 69, 70, 75, 78, 79) : [1.0, 6.333573367505855],
(1, 6, 13, 48, 57, 58, 61, 68, 69, 70, 73, 75, 78, 79, 86) : [1.0, 6.332656109065421],
(1, 6, 39, 48, 57, 61, 63, 64, 68, 69, 70, 73, 75, 78, 79) : [1.0, 6.33211282825931],
(1, 6, 7, 13, 48, 56, 58, 61, 68, 69, 70, 75, 78, 79, 86) : [1.0, 6.331636507933878],
(1, 6, 7, 48, 57, 61, 63, 68, 69, 70, 71, 73, 75, 78, 79) : [1.0, 6.331219123169996],
(1, 6, 7, 13, 48, 54, 56, 58, 61, 68, 69, 70, 75, 78, 79) : [1.0, 6.330553179566221],
(1, 6, 7, 39, 48, 61, 63, 68, 69, 70, 71, 73, 75, 78, 79) : [1.0, 6.329004031851168],
(1, 6, 7, 48, 50, 58, 59, 61, 68, 69, 70, 75, 78, 79, 86) : [1.0, 6.3211391965024495],
(1, 6, 7, 22, 48, 57, 61, 68, 69, 70, 71, 73, 75, 78, 79) : [1.0, 6.317891024326757],
(1, 6, 39, 48, 58, 59, 61, 68, 69, 70, 73, 75, 78, 79, 86) : [1.0, 6.31775266508439],
(1, 6, 7, 48, 56, 61, 64, 68, 69, 70, 73, 75, 78, 79, 86) : [1.0, 6.31678126824403],
(1, 6, 7, 48, 54, 58, 59, 61, 68, 69, 70, 71, 75, 78, 79) : [1.0, 6.316133642100881],
(1, 6, 7, 48, 55, 61, 64, 68, 69, 70, 73, 75, 78, 79, 86) : [1.0, 6.309760470830101],
(1, 6, 7, 48, 50, 58, 61, 68, 69, 70, 73, 75, 78, 79, 86) : [1.0, 6.301181984150235],
(1, 6, 13, 39, 48, 58, 61, 64, 68, 69, 70, 73, 75, 78, 79) : [1.0, 6.3000792515628685],
(1, 6, 13, 48, 54, 56, 57, 58, 61, 68, 69, 70, 75, 78, 79) : [1.0, 6.296050987514239],
(1, 6, 39, 48, 56, 58, 61, 64, 68, 69, 70, 73, 75, 78, 79) : [1.0, 6.292637637670161],
(1, 6, 7, 41, 48, 57, 58, 61, 68, 69, 70, 73, 75, 78, 79) : [1.0, 6.2899932945020876],
(1, 6, 39, 48, 54, 57, 58, 61, 68, 69, 70, 75, 78, 79, 86) : [1.0, 6.289827824186938],
(1, 6, 7, 41, 48, 61, 64, 68, 69, 70, 73, 75, 78, 79, 86) : [1.0, 6.2863650860833795],
(1, 6, 39, 48, 56, 58, 61, 63, 68, 69, 70, 71, 75, 78, 79) : [1.0, 6.285302970630202],
(1, 6, 7, 48, 57, 59, 61, 64, 68, 69, 70, 75, 78, 79, 86) : [1.0, 6.2826906479066675],
(1, 6, 13, 48, 56, 57, 58, 61, 68, 69, 70, 73, 75, 78, 79) : [1.0, 6.281016020169664],
(1, 6, 48, 58, 59, 61, 63, 68, 69, 70, 73, 75, 78, 79, 86) : [1.0, 6.279488631290782],
(1, 6, 39, 48, 54, 58, 61, 63, 68, 69, 70, 71, 75, 78, 79) : [1.0, 6.2787643256480585],
(1, 6, 7, 13, 48, 61, 63, 68, 69, 70, 73, 75, 78, 79, 86) : [1.0, 6.278220136061219],
(1, 6, 7, 48, 59, 61, 63, 64, 68, 69, 70, 75, 78, 79, 86) : [1.0, 6.277731383603926],
(1, 6, 48, 57, 58, 59, 61, 63, 68, 69, 70, 73, 75, 78, 79) : [1.0, 6.274195591646582],
(1, 6, 7, 48, 53, 57, 58, 59, 61, 68, 69, 70, 75, 78, 79) : [1.0, 6.272232097720259],
