(1, 2, 4, 5, 7, 8, 9, 17, 18, 21, 22, 24, 25, 27, 28, 29, 30, 31, 32, 33, 34, 38, 40, 41, 42, 43, 44, 45, 46, 47, 49, 50, 51, 52, 53, 55, 56, 57, 61, 63, 64, 66, 68, 71, 72, 73) [0.9, 0.7902104032497692]
(1, 2, 4, 5, 7, 8, 9, 17, 18, 21, 22, 24, 25, 27, 28, 29, 30, 31, 32, 33, 34, 38, 40, 41, 42, 43, 44, 45, 46, 47, 49, 50, 51, 52, 53, 55, 56, 57, 63, 64, 66, 68, 69, 71, 72, 73) [0.9, 0.7632837930138735]
(1, 2, 4, 5, 7, 8, 9, 17, 18, 21, 22, 24, 25, 27, 28, 29, 30, 31, 32, 33, 34, 38, 40, 41, 42, 43, 44, 45, 46, 47, 49, 50, 51, 53, 55, 56, 57, 61, 63, 64, 66, 68, 69, 71, 72, 73) [0.9, 0.7561271988030344]
(1, 2, 4, 5, 7, 8, 9, 10, 17, 18, 21, 22, 24, 27, 28, 29, 30, 31, 32, 33, 34, 38, 40, 41, 42, 43, 44, 45, 46, 47, 49, 50, 51, 52, 53, 55, 56, 57, 61, 63, 64, 66, 68, 71, 72, 73) [0.9, 0.7029585668813009]
(1, 2, 4, 5, 7, 8, 9, 10, 17, 18, 21, 22, 24, 25, 27, 28, 29, 30, 31, 32, 33, 34, 38, 40, 41, 42, 43, 44, 45, 46, 47, 49, 50, 51, 53, 55, 56, 57, 63, 64, 66, 68, 69, 71, 72, 73) [0.9, 0.7024404632039322]
(1, 2, 4, 5, 7, 8, 9, 10, 17, 21, 22, 24, 25, 26, 27, 28, 29, 30, 31, 32, 33, 34, 38, 40, 41, 42, 43, 44, 45, 46, 47, 49, 50, 51, 53, 55, 56, 57, 61, 63, 64, 66, 69, 71, 72, 73) [0.9, 0.6995521227556779]
(1, 2, 4, 5, 7, 8, 9, 10, 17, 21, 22, 24, 25, 26, 27, 28, 29, 30, 31, 32, 33, 34, 38, 40, 42, 43, 44, 45, 46, 47, 49, 50, 51, 52, 53, 55, 56, 57, 61, 63, 64, 66, 69, 71, 72, 73) [0.9, 0.6974768379794033]
(1, 2, 4, 5, 7, 8, 9, 10, 17, 21, 22, 24, 25, 26, 27, 28, 29, 30, 31, 32, 33, 34, 35, 38, 40, 41, 42, 43, 44, 45, 46, 47, 49, 50, 51, 53, 55, 56, 57, 63, 64, 66, 69, 71, 72, 73) [0.9, 0.6946423062980113]
(1, 2, 4, 5, 7, 8, 9, 10, 17, 21, 22, 24, 25, 26, 27, 28, 29, 30, 31, 32, 33, 34, 35, 38, 40, 42, 43, 44, 45, 46, 47, 49, 50, 51, 52, 53, 55, 56, 57, 63, 64, 66, 69, 71, 72, 73) [0.9, 0.69081308902499]
(1, 2, 4, 5, 7, 8, 9, 10, 17, 21, 22, 24, 25, 27, 28, 29, 30, 31, 32, 33, 34, 38, 40, 42, 43, 44, 45, 46, 47, 49, 50, 51, 52, 53, 55, 56, 57, 61, 63, 64, 66, 68, 69, 71, 72, 73) [0.9, 0.6852183704638257]
(1, 2, 4, 5, 7, 8, 9, 10, 17, 21, 22, 24, 25, 26, 27, 28, 29, 30, 31, 32, 33, 34, 35, 38, 40, 42, 43, 44, 45, 46, 47, 49, 50, 51, 53, 55, 56, 57, 61, 63, 64, 66, 69, 71, 72, 73) [0.9, 0.6834285001802666]
(1, 2, 4, 5, 7, 8, 9, 10, 17, 21, 22, 24, 25, 27, 28, 29, 30, 31, 32, 33, 34, 38, 40, 42, 43, 44, 45, 46, 47, 49, 50, 51, 52, 53, 55, 56, 57, 61, 63, 64, 66, 67, 69, 71, 72, 73) [0.9, 0.6811618858368992]
(1, 2, 4, 5, 7, 8, 9, 17, 21, 22, 24, 25, 26, 27, 28, 29, 30, 31, 32, 33, 34, 35, 38, 40, 42, 43, 44, 45, 46, 47, 49, 50, 51, 52, 53, 55, 56, 57, 61, 63, 64, 66, 69, 71, 72, 73) [0.9, 0.6762084104735503]
(1, 2, 4, 5, 7, 8, 9, 10, 17, 18, 21, 22, 24, 25, 26, 27, 28, 29, 30, 31, 32, 33, 34, 38, 40, 42, 43, 44, 45, 46, 47, 49, 50, 51, 52, 53, 55, 56, 57, 61, 63, 64, 66, 71, 72, 73) [0.9, 0.6754084649476925]
(1, 2, 4, 5, 7, 8, 9, 10, 17, 21, 22, 24, 25, 27, 28, 29, 30, 31, 32, 33, 34, 35, 38, 40, 42, 43, 44, 45, 46, 47, 49, 50, 51, 52, 53, 55, 56, 57, 63, 64, 66, 67, 69, 71, 72, 73) [0.9, 0.6748783546355176]
(1, 2, 4, 5, 7, 8, 9, 10, 17, 21, 22, 24, 25, 27, 28, 29, 30, 31, 32, 33, 34, 35, 38, 40, 42, 43, 44, 45, 46, 47, 49, 50, 51, 52, 53, 55, 56, 57, 63, 64, 66, 68, 69, 71, 72, 73) [0.9, 0.6692808095912824]
(1, 2, 4, 5, 7, 8, 9, 10, 17, 18, 21, 22, 24, 25, 27, 28, 29, 30, 31, 32, 33, 34, 38, 40, 42, 43, 44, 45, 46, 47, 49, 50, 51, 52, 53, 55, 56, 57, 61, 63, 64, 66, 68, 71, 72, 73) [0.9, 0.6686368431504892]
(1, 2, 4, 5, 7, 8, 9, 17, 21, 22, 24, 25, 26, 27, 28, 29, 30, 31, 32, 33, 34, 35, 38, 40, 41, 42, 43, 44, 45, 46, 47, 49, 50, 51, 53, 55, 56, 57, 61, 63, 64, 66, 69, 71, 72, 73) [0.9, 0.6668906090205099]
(1, 2, 4, 5, 7, 8, 9, 10, 17, 18, 21, 22, 24, 25, 26, 27, 28, 29, 30, 31, 32, 33, 34, 35, 38, 40, 42, 43, 44, 45, 46, 47, 49, 50, 51, 52, 53, 55, 56, 57, 63, 64, 66, 71, 72, 73) [0.9, 0.6649716478258135]
(1, 2, 4, 5, 7, 8, 9, 10, 17, 21, 22, 24, 25, 27, 28, 29, 30, 31, 32, 33, 34, 38, 40, 41, 42, 43, 44, 45, 46, 47, 49, 50, 51, 52, 53, 55, 56, 57, 63, 64, 66, 67, 69, 71, 72, 73) [0.9, 0.6620446773845363]
(1, 2, 4, 5, 7, 8, 9, 10, 17, 21, 22, 24, 25, 27, 28, 29, 30, 31, 32, 33, 34, 35, 38, 40, 42, 43, 44, 45, 46, 47, 49, 50, 51, 53, 55, 56, 57, 61, 63, 64, 66, 67, 69, 71, 72, 73) [0.9, 0.66076038742096]
(1, 2, 4, 5, 7, 8, 9, 10, 17, 21, 22, 24, 25, 26, 27, 28, 29, 30, 31, 32, 33, 34, 38, 40, 42, 43, 44, 45, 46, 47, 49, 50, 51, 53, 55, 56, 57, 60, 63, 64, 66, 69, 70, 71, 72, 73) [0.9, 0.6593376083195143]
(1, 2, 4, 5, 7, 8, 9, 17, 21, 22, 24, 25, 27, 28, 29, 30, 31, 32, 33, 34, 35, 38, 40, 42, 43, 44, 45, 46, 47, 49, 50, 51, 52, 53, 55, 56, 57, 61, 63, 64, 66, 67, 69, 71, 72, 73) [0.9, 0.6590165355255707]
(1, 2, 4, 5, 7, 8, 9, 10, 17, 21, 22, 24, 25, 26, 27, 28, 29, 30, 31, 32, 33, 34, 35, 40, 42, 43, 44, 45, 46, 47, 49, 50, 51, 53, 55, 56, 57, 60, 61, 63, 64, 66, 69, 71, 72, 73) [0.9, 0.6545350678121945]
(1, 2, 4, 5, 7, 8, 9, 17, 21, 22, 24, 25, 26, 27, 28, 29, 30, 31, 32, 33, 34, 38, 40, 42, 43, 44, 45, 46, 47, 49, 50, 51, 53, 55, 56, 57, 60, 61, 63, 64, 66, 68, 69, 71, 72, 73) [0.9, 0.6534155094592928]
(1, 2, 4, 5, 7, 8, 9, 17, 18, 21, 22, 24, 25, 26, 27, 28, 29, 30, 31, 32, 33, 34, 35, 38, 40, 42, 43, 44, 45, 46, 47, 49, 50, 51, 52, 53, 55, 56, 57, 61, 63, 64, 66, 71, 72, 73) [0.9, 0.647014364623062]
(1, 2, 4, 5, 7, 8, 9, 17, 21, 22, 24, 25, 26, 27, 28, 29, 30, 31, 32, 33, 34, 38, 40, 42, 43, 44, 45, 46, 47, 49, 50, 51, 53, 55, 56, 57, 60, 61, 63, 64, 66, 69, 70, 71, 72, 73) [0.9, 0.6467616706478708]
(1, 2, 4, 5, 7, 8, 9, 10, 17, 18, 21, 22, 24, 25, 26, 27, 28, 29, 30, 31, 32, 33, 34, 38, 40, 42, 43, 44, 45, 46, 47, 49, 50, 51, 53, 55, 56, 57, 63, 64, 66, 68, 69, 71, 72, 73) [0.9, 0.6422215300060633]
(1, 2, 4, 5, 7, 8, 9, 10, 17, 21, 22, 24, 25, 26, 27, 28, 29, 30, 31, 32, 33, 34, 38, 40, 42, 43, 44, 45, 46, 47, 49, 50, 51, 53, 55, 56, 57, 60, 63, 64, 66, 68, 69, 71, 72, 73) [0.9, 0.6359242425186618]
(1, 2, 4, 5, 7, 8, 9, 10, 17, 21, 22, 24, 25, 27, 28, 29, 30, 31, 32, 33, 34, 35, 40, 42, 43, 44, 45, 46, 47, 49, 50, 51, 52, 53, 55, 56, 57, 60, 63, 64, 66, 68, 69, 71, 72, 73) [0.9, 0.6346332029228293]
(1, 2, 4, 5, 7, 8, 9, 17, 18, 21, 22, 24, 25, 26, 27, 28, 29, 30, 31, 32, 33, 34, 38, 40, 42, 43, 44, 45, 46, 47, 49, 50, 51, 53, 55, 56, 57, 61, 63, 64, 66, 68, 69, 71, 72, 73) [0.9, 0.6345155862636213]
(1, 2, 4, 5, 7, 8, 9, 10, 17, 21, 22, 24, 25, 27, 28, 29, 30, 31, 32, 33, 34, 35, 40, 42, 43, 44, 45, 46, 47, 49, 50, 51, 53, 55, 56, 57, 60, 61, 63, 64, 66, 68, 69, 71, 72, 73) [0.9, 0.6334020113799128]
(1, 2, 4, 5, 7, 8, 9, 10, 17, 18, 21, 22, 24, 25, 26, 27, 28, 29, 30, 31, 32, 33, 34, 40, 42, 43, 44, 45, 46, 47, 49, 50, 51, 52, 53, 55, 56, 57, 60, 63, 64, 66, 69, 71, 72, 73) [0.9, 0.631831206266213]
(1, 2, 4, 5, 7, 8, 9, 10, 17, 18, 21, 22, 24, 25, 27, 28, 29, 30, 31, 32, 33, 34, 40, 41, 42, 43, 44, 45, 46, 47, 49, 50, 51, 53, 55, 56, 57, 61, 63, 64, 66, 68, 69, 71, 72, 73) [0.9, 0.6310134000982689]
(1, 2, 4, 5, 7, 8, 9, 17, 21, 22, 24, 25, 26, 27, 28, 29, 30, 31, 32, 33, 34, 38, 40, 41, 42, 43, 44, 45, 46, 47, 49, 50, 51, 52, 53, 55, 56, 57, 61, 63, 64, 66, 69, 71, 72, 73) [0.9, 0.6288668216679718]
(1, 2, 4, 5, 7, 8, 9, 10, 17, 21, 22, 24, 25, 27, 28, 29, 30, 31, 32, 33, 34, 35, 40, 42, 43, 44, 45, 46, 47, 49, 50, 51, 52, 53, 55, 56, 57, 61, 63, 64, 66, 68, 69, 71, 72, 73) [0.9, 0.6270188275200486]
(1, 2, 4, 5, 7, 8, 9, 10, 17, 21, 22, 24, 25, 27, 28, 29, 30, 31, 32, 33, 34, 40, 42, 43, 44, 45, 46, 47, 49, 50, 51, 52, 53, 55, 56, 57, 60, 61, 63, 64, 66, 68, 69, 71, 72, 73) [0.9, 0.6255433085907671]
(1, 2, 3, 4, 5, 7, 8, 9, 10, 17, 21, 22, 23, 24, 25, 27, 28, 29, 30, 31, 32, 33, 34, 36, 40, 42, 43, 44, 45, 46, 47, 49, 50, 51, 53, 55, 56, 57, 63, 64, 66, 67, 69, 71, 72, 73) [0.9, 0.6249800556365882]
(1, 2, 3, 4, 5, 7, 8, 9, 10, 17, 21, 22, 23, 24, 25, 27, 28, 29, 30, 31, 32, 33, 34, 36, 40, 42, 43, 44, 45, 46, 47, 49, 50, 51, 53, 55, 56, 57, 63, 64, 66, 68, 69, 71, 72, 73) [0.9, 0.6244044613576532]
(1, 2, 4, 5, 7, 8, 9, 10, 17, 18, 21, 22, 24, 25, 26, 27, 28, 29, 30, 31, 32, 33, 34, 35, 40, 42, 43, 44, 45, 46, 47, 49, 50, 51, 53, 55, 56, 57, 61, 63, 64, 66, 69, 71, 72, 73) [0.9, 0.6242798278339211]
(1, 2, 4, 5, 7, 8, 9, 10, 17, 18, 21, 22, 24, 25, 26, 27, 28, 29, 30, 31, 32, 33, 34, 38, 40, 42, 43, 44, 45, 46, 47, 49, 50, 51, 53, 55, 56, 57, 63, 64, 66, 69, 70, 71, 72, 73) [0.9, 0.6240642802451478]
(1, 2, 4, 5, 7, 8, 9, 10, 17, 18, 21, 22, 24, 25, 27, 28, 29, 30, 31, 32, 33, 34, 35, 40, 42, 43, 44, 45, 46, 47, 49, 50, 51, 52, 53, 55, 56, 57, 63, 64, 66, 68, 69, 71, 72, 73) [0.9, 0.6222677704833396]
(1, 2, 4, 5, 7, 8, 9, 10, 17, 21, 22, 24, 25, 26, 27, 28, 29, 30, 31, 32, 33, 34, 35, 38, 40, 42, 43, 44, 45, 46, 47, 49, 50, 51, 53, 55, 56, 57, 63, 64, 66, 68, 69, 71, 72, 73) [0.9, 0.6220928721136381]
(1, 2, 4, 5, 7, 8, 9, 10, 17, 18, 21, 22, 24, 25, 27, 28, 29, 30, 31, 32, 33, 34, 35, 40, 41, 42, 43, 44, 45, 46, 47, 49, 50, 51, 53, 55, 56, 57, 63, 64, 66, 68, 69, 71, 72, 73) [0.9, 0.6208093649215627]
(1, 2, 4, 5, 7, 8, 9, 10, 17, 18, 21, 22, 24, 25, 27, 28, 29, 30, 31, 32, 33, 34, 40, 42, 43, 44, 45, 46, 47, 49, 50, 51, 52, 53, 55, 56, 57, 61, 63, 64, 66, 68, 69, 71, 72, 73) [0.9, 0.6202912239447774]
(1, 2, 4, 5, 7, 8, 9, 10, 17, 18, 21, 22, 24, 27, 28, 29, 30, 31, 32, 33, 34, 35, 40, 42, 43, 44, 45, 46, 47, 49, 50, 51, 52, 53, 55, 56, 57, 61, 63, 64, 66, 68, 69, 71, 72, 73) [0.9, 0.6192522363074979]
(1, 2, 3, 4, 5, 7, 8, 9, 10, 17, 21, 22, 24, 25, 27, 28, 29, 30, 31, 32, 33, 34, 35, 36, 40, 42, 43, 44, 45, 46, 47, 49, 50, 51, 53, 55, 56, 57, 60, 63, 64, 66, 69, 71, 72, 73) [0.9, 0.6172795936297929]
(1, 2, 4, 5, 7, 8, 9, 17, 21, 22, 24, 25, 26, 27, 28, 29, 30, 31, 32, 33, 34, 35, 38, 40, 42, 43, 44, 45, 46, 47, 49, 50, 51, 53, 55, 56, 57, 61, 63, 64, 66, 68, 69, 71, 72, 73) [0.9, 0.6170612631301863]
(1, 2, 4, 5, 7, 8, 9, 17, 21, 22, 24, 25, 27, 28, 29, 30, 31, 32, 33, 34, 35, 40, 42, 43, 44, 45, 46, 47, 49, 50, 51, 52, 53, 55, 56, 57, 60, 61, 63, 64, 66, 68, 69, 71, 72, 73) [0.9, 0.6164138491402312]
(1, 2, 4, 5, 7, 8, 9, 17, 21, 22, 24, 25, 26, 27, 28, 29, 30, 31, 32, 33, 34, 35, 40, 42, 43, 44, 45, 46, 47, 49, 50, 51, 52, 53, 55, 56, 57, 60, 61, 63, 64, 66, 69, 71, 72, 73) [0.9, 0.6156536628932056]
(1, 2, 4, 5, 7, 8, 9, 10, 17, 18, 21, 22, 24, 25, 26, 27, 28, 29, 30, 31, 32, 33, 34, 40, 42, 43, 44, 45, 46, 47, 49, 50, 51, 53, 55, 56, 57, 60, 61, 63, 64, 66, 69, 71, 72, 73) [0.9, 0.6153035750182797]
(1, 2, 4, 5, 7, 8, 9, 10, 17, 18, 21, 22, 24, 25, 27, 28, 29, 30, 31, 32, 33, 34, 35, 40, 42, 43, 44, 45, 46, 47, 49, 50, 51, 53, 55, 56, 57, 61, 63, 64, 66, 68, 69, 71, 72, 73) [0.9, 0.6148638873421284]
(1, 2, 4, 5, 7, 8, 9, 17, 18, 21, 22, 24, 25, 26, 27, 28, 29, 30, 31, 32, 33, 34, 40, 42, 43, 44, 45, 46, 47, 49, 50, 51, 52, 53, 55, 56, 57, 60, 61, 63, 64, 66, 69, 71, 72, 73) [0.9, 0.6135329443199828]
(1, 2, 4, 5, 7, 8, 9, 10, 17, 21, 22, 24, 25, 26, 27, 28, 29, 30, 31, 32, 33, 34, 35, 40, 42, 43, 44, 45, 46, 47, 49, 50, 51, 52, 53, 55, 56, 57, 60, 63, 64, 66, 69, 71, 72, 73) [0.9, 0.6127416503955385]
(1, 2, 3, 4, 5, 7, 8, 9, 17, 18, 21, 22, 24, 25, 27, 28, 29, 30, 31, 32, 33, 34, 36, 40, 42, 43, 44, 45, 46, 47, 49, 50, 51, 52, 53, 55, 56, 57, 60, 63, 64, 66, 69, 71, 72, 73) [0.9, 0.612549283769833]
(1, 2, 4, 5, 7, 8, 9, 17, 18, 21, 22, 24, 25, 26, 27, 28, 29, 30, 31, 32, 33, 34, 38, 40, 42, 43, 44, 45, 46, 47, 49, 50, 51, 53, 55, 56, 57, 61, 63, 64, 66, 69, 70, 71, 72, 73) [0.9, 0.6113067074207562]
(1, 2, 4, 5, 7, 8, 9, 10, 17, 18, 21, 22, 24, 25, 27, 28, 29, 30, 31, 32, 33, 34, 40, 42, 43, 44, 45, 46, 47, 49, 50, 51, 52, 53, 55, 56, 57, 60, 63, 64, 66, 68, 69, 71, 72, 73) [0.9, 0.6092736367972217]
(1, 2, 4, 5, 7, 8, 9, 10, 17, 18, 21, 22, 24, 25, 27, 28, 29, 30, 31, 32, 33, 34, 40, 42, 43, 44, 45, 46, 47, 49, 50, 51, 53, 55, 56, 57, 60, 61, 63, 64, 66, 67, 69, 71, 72, 73) [0.9, 0.6073145151423095]
(1, 2, 3, 4, 5, 7, 8, 9, 10, 17, 21, 22, 23, 24, 25, 27, 28, 29, 30, 31, 32, 33, 34, 36, 40, 42, 43, 44, 45, 46, 47, 49, 50, 51, 53, 55, 56, 57, 63, 64, 66, 69, 70, 71, 72, 73) [0.9, 0.6072429354155247]
(1, 2, 4, 5, 7, 8, 9, 10, 17, 18, 21, 22, 24, 25, 27, 28, 29, 30, 31, 32, 33, 34, 38, 40, 42, 43, 44, 45, 46, 47, 49, 50, 51, 53, 55, 56, 57, 63, 64, 66, 68, 69, 70, 71, 72, 73) [0.9, 0.6072413142330587]
(1, 2, 4, 5, 7, 8, 9, 10, 17, 18, 21, 22, 24, 25, 26, 27, 28, 29, 30, 31, 32, 33, 34, 35, 40, 42, 43, 44, 45, 46, 47, 49, 50, 51, 52, 53, 55, 56, 57, 63, 64, 66, 69, 71, 72, 73) [0.9, 0.6070980709178143]
(1, 2, 4, 5, 7, 8, 9, 10, 17, 18, 21, 22, 24, 27, 28, 29, 30, 31, 32, 33, 34, 40, 42, 43, 44, 45, 46, 47, 49, 50, 51, 52, 53, 55, 56, 57, 60, 61, 63, 64, 66, 68, 69, 71, 72, 73) [0.9, 0.6067126460202623]
(1, 2, 4, 5, 7, 8, 9, 10, 17, 21, 22, 24, 25, 26, 27, 28, 29, 30, 31, 32, 33, 34, 35, 38, 40, 42, 43, 44, 45, 46, 47, 49, 50, 51, 53, 55, 56, 57, 63, 64, 66, 69, 70, 71, 72, 73) [0.9, 0.6061563281309023]
(1, 2, 4, 5, 7, 8, 9, 10, 17, 18, 21, 22, 24, 25, 27, 28, 29, 30, 31, 32, 33, 34, 35, 40, 42, 43, 44, 45, 46, 47, 49, 50, 51, 53, 55, 56, 57, 61, 63, 64, 66, 67, 69, 71, 72, 73) [0.9, 0.6059341172062344]
(1, 2, 3, 4, 5, 7, 8, 9, 10, 17, 21, 22, 23, 24, 25, 26, 27, 28, 29, 30, 31, 32, 33, 34, 36, 40, 42, 43, 44, 45, 46, 47, 49, 50, 51, 53, 55, 56, 57, 63, 64, 66, 69, 71, 72, 73) [0.9, 0.6051541625213167]
(1, 2, 3, 4, 5, 7, 8, 9, 10, 17, 21, 22, 24, 25, 27, 28, 29, 30, 31, 32, 33, 34, 36, 40, 42, 43, 44, 45, 46, 47, 49, 50, 51, 53, 55, 56, 57, 60, 61, 63, 64, 66, 69, 71, 72, 73) [0.9, 0.6049086496464033]
(1, 2, 4, 5, 7, 8, 9, 10, 17, 21, 22, 24, 25, 27, 28, 29, 30, 31, 32, 33, 34, 35, 40, 41, 42, 43, 44, 45, 46, 47, 49, 50, 51, 53, 55, 56, 57, 61, 63, 64, 66, 69, 70, 71, 72, 73) [0.9, 0.6037423087494962]
(1, 2, 4, 5, 7, 8, 9, 10, 17, 21, 22, 24, 25, 27, 28, 29, 30, 31, 32, 33, 34, 35, 40, 42, 43, 44, 45, 46, 47, 49, 50, 51, 52, 53, 55, 56, 57, 60, 63, 64, 66, 69, 70, 71, 72, 73) [0.9, 0.6035757185207636]
(1, 2, 4, 5, 7, 8, 9, 10, 17, 21, 22, 24, 25, 27, 28, 29, 30, 31, 32, 33, 34, 35, 38, 40, 42, 43, 44, 45, 46, 47, 49, 50, 51, 53, 55, 56, 57, 63, 64, 66, 68, 69, 70, 71, 72, 73) [0.9, 0.6034982155725531]
(1, 2, 4, 5, 7, 8, 9, 17, 21, 22, 24, 25, 26, 27, 28, 29, 30, 31, 32, 33, 34, 35, 38, 40, 42, 43, 44, 45, 46, 47, 49, 50, 51, 53, 55, 56, 57, 61, 63, 64, 66, 69, 70, 71, 72, 73) [0.9, 0.602893776019631]
(1, 2, 4, 5, 7, 8, 9, 17, 18, 21, 22, 24, 25, 27, 28, 29, 30, 31, 32, 33, 34, 35, 40, 42, 43, 44, 45, 46, 47, 49, 50, 51, 52, 53, 55, 56, 57, 61, 63, 64, 66, 68, 69, 71, 72, 73) [0.9, 0.6025590273555329]
(1, 2, 3, 4, 5, 7, 8, 9, 10, 17, 18, 21, 22, 24, 25, 27, 28, 29, 30, 31, 32, 33, 34, 36, 40, 42, 43, 44, 45, 46, 47, 49, 50, 51, 53, 55, 56, 57, 60, 63, 64, 66, 69, 71, 72, 73) [0.9, 0.6025138967967845]
(1, 2, 4, 5, 7, 8, 9, 17, 18, 21, 22, 24, 25, 26, 27, 28, 29, 30, 31, 32, 33, 34, 35, 40, 42, 43, 44, 45, 46, 47, 49, 50, 51, 52, 53, 55, 56, 57, 61, 63, 64, 66, 69, 71, 72, 73) [0.9, 0.6013217794000646]
(1, 2, 4, 5, 7, 8, 9, 10, 17, 21, 22, 24, 25, 27, 28, 29, 30, 31, 32, 33, 34, 40, 42, 43, 44, 45, 46, 47, 49, 50, 51, 52, 53, 55, 56, 57, 60, 61, 63, 64, 66, 69, 70, 71, 72, 73) [0.9, 0.600822496915073]
(1, 2, 4, 5, 7, 8, 9, 17, 18, 21, 22, 24, 25, 26, 27, 28, 29, 30, 31, 32, 33, 34, 35, 40, 42, 43, 44, 45, 46, 47, 49, 50, 51, 52, 53, 55, 56, 57, 60, 63, 64, 66, 69, 71, 72, 73) [0.9, 0.5987308399171606]
(1, 2, 4, 5, 7, 8, 9, 10, 18, 21, 22, 24, 25, 27, 28, 29, 30, 31, 32, 33, 34, 35, 36, 38, 42, 43, 44, 45, 46, 47, 49, 50, 51, 52, 53, 55, 56, 57, 61, 63, 64, 66, 69, 71, 72, 73) [0.9, 0.5981473291260242]
(1, 2, 3, 4, 5, 7, 8, 9, 10, 17, 21, 22, 24, 25, 27, 28, 29, 30, 31, 32, 33, 34, 36, 40, 42, 43, 44, 45, 46, 47, 49, 50, 51, 52, 53, 55, 56, 57, 60, 63, 64, 66, 69, 71, 72, 73) [0.9, 0.5960925824271256]
(1, 2, 4, 5, 7, 8, 9, 17, 18, 21, 22, 24, 25, 27, 28, 29, 30, 31, 32, 33, 34, 35, 40, 41, 42, 43, 44, 45, 46, 47, 49, 50, 51, 52, 53, 55, 56, 57, 63, 64, 66, 68, 69, 71, 72, 73) [0.9, 0.5959968700381094]
(1, 2, 4, 5, 7, 8, 9, 10, 17, 21, 22, 24, 25, 27, 28, 29, 30, 31, 32, 33, 34, 35, 40, 42, 43, 44, 45, 46, 47, 49, 50, 51, 52, 53, 55, 56, 57, 61, 63, 64, 66, 69, 70, 71, 72, 73) [0.9, 0.5958863419942743]
(1, 2, 3, 4, 5, 7, 8, 9, 17, 18, 21, 22, 24, 25, 27, 28, 29, 30, 31, 32, 33, 34, 36, 40, 42, 43, 44, 45, 46, 47, 49, 50, 51, 53, 55, 56, 57, 60, 61, 63, 64, 66, 69, 71, 72, 73) [0.9, 0.5954698590016902]
(1, 2, 3, 4, 5, 7, 8, 9, 17, 18, 21, 22, 24, 25, 27, 28, 29, 30, 31, 32, 33, 34, 35, 36, 40, 42, 43, 44, 45, 46, 47, 49, 50, 51, 53, 55, 56, 57, 60, 63, 64, 66, 69, 71, 72, 73) [0.9, 0.5944953088597816]
(1, 2, 3, 4, 5, 7, 8, 9, 10, 17, 21, 22, 23, 24, 25, 27, 28, 29, 30, 31, 32, 33, 34, 36, 40, 42, 43, 44, 45, 46, 47, 49, 50, 51, 52, 53, 55, 56, 57, 63, 64, 66, 69, 71, 72, 73) [0.9, 0.5935906092743019]
(1, 2, 4, 5, 7, 8, 9, 10, 17, 21, 22, 24, 25, 26, 27, 28, 29, 30, 31, 32, 33, 34, 38, 40, 42, 43, 44, 45, 46, 47, 49, 50, 51, 53, 55, 56, 57, 61, 63, 64, 66, 68, 69, 71, 72, 73) [0.9, 0.5931066440781777]
(1, 2, 3, 4, 5, 7, 8, 9, 17, 18, 21, 22, 24, 25, 27, 28, 29, 30, 31, 32, 33, 34, 36, 40, 41, 42, 43, 44, 45, 46, 47, 49, 50, 51, 53, 55, 56, 57, 60, 63, 64, 66, 69, 71, 72, 73) [0.9, 0.5918506946302452]
(1, 2, 4, 5, 7, 8, 9, 10, 17, 21, 22, 24, 25, 27, 28, 29, 30, 31, 32, 33, 34, 38, 40, 42, 43, 44, 45, 46, 47, 49, 50, 51, 53, 55, 56, 57, 61, 63, 64, 66, 68, 69, 70, 71, 72, 73) [0.9, 0.5914537796349467]
(1, 2, 4, 5, 7, 8, 9, 10, 17, 21, 22, 24, 25, 27, 28, 29, 30, 31, 32, 33, 34, 35, 40, 42, 43, 44, 45, 46, 47, 49, 50, 51, 53, 55, 56, 57, 60, 61, 63, 64, 66, 69, 70, 71, 72, 73) [0.9, 0.5910143452951256]
(1, 2, 4, 5, 7, 8, 9, 17, 18, 21, 22, 24, 25, 27, 28, 29, 30, 31, 32, 33, 34, 35, 40, 41, 42, 43, 44, 45, 46, 47, 49, 50, 51, 53, 55, 56, 57, 61, 63, 64, 66, 68, 69, 71, 72, 73) [0.9, 0.5897857170326549]
(1, 2, 4, 5, 7, 8, 9, 10, 17, 18, 21, 22, 24, 25, 26, 27, 28, 29, 30, 31, 32, 33, 34, 35, 40, 42, 43, 44, 45, 46, 47, 49, 50, 51, 53, 55, 56, 57, 60, 63, 64, 66, 69, 71, 72, 73) [0.9, 0.5887011714324454]
(1, 2, 4, 5, 7, 8, 9, 17, 21, 22, 24, 25, 27, 28, 29, 30, 31, 32, 33, 34, 35, 40, 42, 43, 44, 45, 46, 47, 49, 50, 51, 52, 53, 55, 56, 57, 60, 61, 63, 64, 66, 69, 70, 71, 72, 73) [0.9, 0.58804336055391]
(1, 2, 3, 4, 5, 7, 8, 9, 10, 17, 21, 22, 24, 25, 27, 28, 29, 30, 31, 32, 33, 34, 35, 36, 42, 43, 44, 45, 46, 47, 49, 50, 51, 52, 53, 55, 56, 57, 61, 63, 64, 66, 69, 71, 72, 73) [0.9, 0.5863468806034552]
(1, 2, 4, 5, 7, 8, 9, 10, 17, 18, 21, 22, 24, 25, 26, 27, 28, 29, 30, 31, 32, 33, 34, 40, 42, 43, 44, 45, 46, 47, 49, 50, 51, 52, 53, 55, 56, 57, 61, 63, 64, 66, 69, 71, 72, 73) [0.9, 0.5860163398082306]
(1, 2, 4, 5, 7, 8, 9, 10, 17, 18, 21, 22, 24, 25, 26, 27, 28, 29, 30, 31, 32, 33, 34, 35, 42, 43, 44, 45, 46, 47, 49, 50, 51, 52, 53, 55, 56, 57, 61, 63, 64, 66, 69, 71, 72, 73) [0.9, 0.5859479772091645]
(1, 2, 3, 4, 5, 7, 8, 9, 10, 17, 18, 21, 22, 24, 25, 27, 28, 29, 30, 31, 32, 33, 34, 35, 36, 40, 42, 43, 44, 45, 46, 47, 49, 50, 51, 53, 55, 56, 57, 63, 64, 66, 69, 71, 72, 73) [0.9, 0.5846720950284423]
(1, 2, 4, 5, 7, 8, 9, 17, 18, 21, 22, 24, 25, 27, 28, 29, 30, 31, 32, 33, 34, 40, 42, 43, 44, 45, 46, 47, 49, 50, 51, 52, 53, 55, 56, 57, 60, 61, 63, 64, 66, 68, 69, 71, 72, 73) [0.9, 0.5842455000576423]
(1, 2, 4, 5, 7, 8, 9, 10, 17, 21, 22, 24, 25, 26, 27, 28, 29, 30, 31, 32, 33, 34, 38, 40, 41, 42, 43, 44, 45, 46, 47, 49, 50, 51, 52, 53, 55, 56, 57, 63, 64, 66, 69, 71, 72, 73) [0.9, 0.5833680161478523]
(1, 2, 4, 5, 7, 8, 9, 10, 17, 18, 21, 22, 24, 25, 27, 28, 29, 30, 31, 32, 33, 34, 35, 40, 42, 43, 44, 45, 46, 47, 49, 50, 51, 52, 53, 55, 56, 57, 63, 64, 66, 69, 70, 71, 72, 73) [0.9, 0.5831768491658403]
(1, 2, 4, 5, 7, 8, 9, 10, 17, 18, 21, 22, 24, 25, 27, 28, 29, 30, 31, 32, 33, 34, 40, 42, 43, 44, 45, 46, 47, 49, 50, 51, 52, 53, 55, 56, 57, 61, 63, 64, 66, 69, 70, 71, 72, 73) [0.9, 0.5830957022705276]
(1, 2, 4, 5, 7, 8, 9, 10, 17, 21, 22, 24, 25, 27, 28, 29, 30, 31, 32, 33, 34, 35, 40, 41, 42, 43, 44, 45, 46, 47, 49, 50, 51, 53, 55, 56, 57, 61, 63, 64, 66, 68, 69, 71, 72, 73) [0.9, 0.5830648364757863]
(1, 2, 3, 4, 5, 7, 8, 9, 10, 17, 21, 22, 24, 25, 27, 28, 29, 30, 31, 32, 33, 34, 35, 36, 42, 43, 44, 45, 46, 47, 49, 50, 51, 52, 53, 55, 56, 57, 60, 63, 64, 66, 69, 71, 72, 73) [0.9, 0.580139986350987]
(1, 2, 3, 4, 5, 7, 8, 9, 10, 17, 21, 22, 23, 24, 25, 27, 28, 29, 30, 31, 32, 33, 34, 36, 40, 42, 43, 44, 45, 46, 47, 49, 50, 51, 53, 55, 56, 57, 61, 63, 64, 66, 69, 71, 72, 73) [0.9, 0.5787049655560358]
