(4, 5, 7, 9, 21, 22, 24, 25, 27, 28, 30, 31, 32, 33, 34, 42, 43, 44, 45, 46, 47, 50, 51, 53, 55, 57, 63, 64, 66, 72, 73) [0.9, 0.49328716238960446]
(4, 5, 7, 9, 21, 22, 24, 27, 28, 29, 30, 31, 32, 33, 34, 42, 43, 44, 45, 46, 47, 50, 51, 53, 55, 57, 63, 64, 66, 72, 73) [0.9, 0.49313696013565894]
(4, 5, 7, 9, 21, 22, 24, 25, 27, 28, 29, 30, 31, 32, 33, 34, 42, 43, 44, 45, 46, 47, 50, 51, 53, 55, 57, 63, 64, 72, 73) [0.9, 0.4911846892111833]
(4, 5, 7, 9, 21, 22, 24, 25, 27, 28, 29, 30, 31, 32, 33, 42, 43, 44, 45, 46, 47, 50, 51, 53, 55, 57, 63, 64, 66, 72, 73) [0.9, 0.4894844888060012]
(4, 5, 7, 8, 9, 21, 22, 24, 27, 28, 30, 31, 32, 33, 34, 42, 43, 44, 45, 46, 47, 50, 51, 53, 55, 57, 63, 64, 66, 72, 73) [0.9, 0.4890888220672651]
(4, 5, 7, 9, 21, 22, 24, 25, 27, 28, 29, 30, 31, 32, 33, 34, 42, 43, 44, 45, 46, 47, 50, 51, 53, 55, 57, 63, 64, 66, 73) [0.9, 0.48815948862389824]
(4, 5, 7, 8, 9, 21, 22, 24, 27, 28, 29, 30, 31, 32, 33, 34, 42, 43, 44, 45, 46, 47, 50, 51, 53, 55, 57, 63, 64, 72, 73) [0.9, 0.48659351517687705]
(4, 5, 7, 8, 9, 21, 22, 24, 25, 27, 28, 30, 31, 32, 33, 34, 42, 43, 44, 45, 46, 47, 50, 51, 53, 55, 57, 63, 64, 72, 73) [0.9, 0.4859222796051299]
(4, 5, 7, 9, 21, 22, 24, 25, 27, 28, 29, 30, 31, 32, 33, 34, 42, 43, 44, 45, 46, 47, 51, 53, 55, 57, 63, 64, 66, 72, 73) [0.9, 0.4853275489175585]
(4, 5, 7, 8, 9, 21, 22, 24, 27, 28, 29, 30, 31, 32, 33, 42, 43, 44, 45, 46, 47, 50, 51, 53, 55, 57, 63, 64, 66, 72, 73) [0.9, 0.485198632095084]
(4, 5, 7, 8, 9, 21, 22, 24, 25, 27, 28, 30, 31, 32, 33, 42, 43, 44, 45, 46, 47, 50, 51, 53, 55, 57, 63, 64, 66, 72, 73) [0.9, 0.48459775116364323]
(4, 5, 7, 9, 21, 22, 24, 25, 27, 28, 29, 30, 31, 32, 33, 34, 42, 43, 44, 45, 46, 47, 50, 51, 53, 55, 57, 64, 66, 72, 73) [0.9, 0.48408674913214284]
(4, 5, 7, 9, 21, 22, 24, 25, 27, 28, 29, 30, 31, 32, 33, 34, 43, 44, 45, 46, 47, 50, 51, 53, 55, 57, 63, 64, 66, 72, 73) [0.9, 0.4839589581572514]
(4, 5, 7, 8, 9, 21, 22, 24, 25, 27, 28, 30, 31, 32, 33, 34, 42, 43, 44, 45, 46, 47, 50, 51, 53, 55, 57, 63, 64, 66, 73) [0.9, 0.48379539317354125]
(4, 5, 7, 8, 9, 21, 22, 24, 27, 28, 29, 30, 31, 32, 33, 34, 42, 43, 44, 45, 46, 47, 50, 51, 53, 55, 57, 63, 64, 66, 73) [0.9, 0.4836631099458943]
(4, 5, 7, 9, 10, 21, 22, 24, 27, 28, 30, 31, 32, 33, 34, 42, 43, 44, 45, 46, 47, 50, 51, 53, 55, 57, 63, 64, 66, 72, 73) [0.9, 0.4835280504559895]
(4, 5, 7, 9, 21, 22, 24, 25, 27, 28, 29, 30, 31, 32, 33, 34, 42, 43, 44, 45, 46, 50, 51, 53, 55, 57, 63, 64, 66, 72, 73) [0.9, 0.48323327088387447]
(4, 5, 7, 8, 9, 21, 22, 24, 25, 27, 28, 29, 30, 31, 32, 33, 42, 43, 44, 45, 46, 47, 50, 51, 53, 55, 57, 63, 64, 72, 73) [0.9, 0.4829014580108734]
(4, 5, 7, 9, 21, 22, 24, 25, 27, 28, 29, 30, 31, 32, 33, 34, 42, 43, 44, 46, 47, 50, 51, 53, 55, 57, 63, 64, 66, 72, 73) [0.9, 0.4824886858450092]
(4, 5, 7, 9, 21, 22, 24, 27, 28, 30, 31, 32, 33, 34, 42, 43, 44, 45, 46, 47, 50, 51, 53, 55, 57, 63, 64, 66, 71, 72, 73) [0.9, 0.4820754836394352]
(4, 5, 7, 9, 21, 22, 24, 25, 27, 28, 29, 30, 32, 33, 34, 42, 43, 44, 45, 46, 47, 50, 51, 53, 55, 57, 63, 64, 66, 72, 73) [0.9, 0.48202356116239153]
(4, 5, 7, 9, 21, 22, 24, 25, 27, 28, 29, 30, 31, 32, 33, 34, 42, 43, 44, 45, 47, 50, 51, 53, 55, 57, 63, 64, 66, 72, 73) [0.9, 0.482001550822541]
(4, 5, 7, 9, 21, 22, 24, 25, 27, 28, 29, 30, 31, 32, 33, 34, 42, 43, 44, 45, 46, 47, 50, 51, 53, 55, 63, 64, 66, 72, 73) [0.9, 0.48198833951082803]
(4, 5, 7, 9, 21, 22, 24, 25, 27, 28, 29, 30, 31, 32, 33, 34, 42, 44, 45, 46, 47, 50, 51, 53, 55, 57, 63, 64, 66, 72, 73) [0.9, 0.4819700738694553]
(4, 5, 7, 9, 21, 22, 24, 25, 27, 29, 30, 31, 32, 33, 34, 42, 43, 44, 45, 46, 47, 50, 51, 53, 55, 57, 63, 64, 66, 72, 73) [0.9, 0.4819480793906008]
(4, 5, 7, 9, 21, 22, 25, 27, 28, 29, 30, 31, 32, 33, 34, 42, 43, 44, 45, 46, 47, 50, 51, 53, 55, 57, 63, 64, 66, 72, 73) [0.9, 0.4819457167946446]
(4, 5, 7, 9, 10, 21, 22, 24, 27, 28, 29, 30, 31, 32, 33, 34, 42, 43, 44, 45, 46, 47, 50, 51, 53, 55, 57, 63, 64, 72, 73) [0.9, 0.48193054959821824]
(4, 5, 7, 9, 21, 22, 24, 25, 27, 28, 29, 31, 32, 33, 34, 42, 43, 44, 45, 46, 47, 50, 51, 53, 55, 57, 63, 64, 66, 72, 73) [0.9, 0.48191732047672664]
(4, 5, 7, 8, 9, 21, 22, 24, 25, 27, 28, 29, 30, 31, 32, 33, 34, 42, 43, 44, 45, 46, 47, 50, 51, 53, 55, 57, 63, 64, 73) [0.9, 0.481808391180597]
(4, 5, 7, 9, 21, 22, 24, 25, 27, 28, 29, 30, 31, 32, 33, 34, 42, 43, 44, 45, 46, 47, 50, 53, 55, 57, 63, 64, 66, 72, 73) [0.9, 0.48168658453266183]
(4, 5, 7, 9, 21, 22, 24, 25, 27, 28, 29, 30, 31, 32, 33, 34, 42, 43, 45, 46, 47, 50, 51, 53, 55, 57, 63, 64, 66, 72, 73) [0.9, 0.4811413982919945]
(4, 5, 7, 8, 9, 21, 22, 24, 25, 27, 28, 30, 31, 32, 33, 34, 42, 43, 44, 45, 46, 47, 51, 53, 55, 57, 63, 64, 66, 72, 73) [0.9, 0.4809319938377567]
(4, 5, 7, 9, 10, 21, 22, 24, 27, 28, 29, 30, 31, 32, 33, 42, 43, 44, 45, 46, 47, 50, 51, 53, 55, 57, 63, 64, 66, 72, 73) [0.9, 0.48054691280425016]
(4, 5, 7, 8, 9, 21, 22, 24, 27, 28, 29, 30, 31, 32, 33, 34, 42, 43, 44, 45, 46, 47, 50, 51, 53, 55, 57, 64, 66, 72, 73) [0.9, 0.48053738097417265]
(4, 5, 7, 8, 9, 21, 22, 24, 27, 28, 29, 30, 31, 32, 33, 34, 42, 43, 44, 45, 46, 47, 51, 53, 55, 57, 63, 64, 66, 72, 73) [0.9, 0.4803658219667504]
(4, 5, 7, 8, 9, 21, 22, 24, 25, 27, 28, 29, 30, 31, 32, 33, 42, 43, 44, 45, 46, 47, 50, 51, 53, 55, 57, 63, 64, 66, 73) [0.9, 0.4803571960211965]
(4, 5, 7, 9, 10, 21, 22, 24, 25, 27, 28, 30, 31, 32, 33, 34, 42, 43, 44, 45, 46, 47, 50, 51, 53, 55, 57, 63, 64, 72, 73) [0.9, 0.4802776595409648]
(4, 5, 7, 9, 10, 21, 22, 24, 27, 28, 29, 30, 31, 32, 33, 34, 42, 43, 44, 45, 46, 47, 50, 51, 53, 55, 57, 63, 64, 66, 73) [0.9, 0.4795820080245326]
(4, 5, 7, 8, 9, 21, 22, 24, 25, 27, 28, 30, 31, 32, 33, 34, 42, 43, 44, 45, 46, 47, 50, 51, 53, 55, 57, 64, 66, 72, 73) [0.9, 0.47936136500992577]
(4, 5, 7, 8, 9, 21, 22, 24, 27, 28, 29, 30, 31, 32, 33, 34, 43, 44, 45, 46, 47, 50, 51, 53, 55, 57, 63, 64, 66, 72, 73) [0.9, 0.4792579001847141]
(4, 5, 7, 9, 21, 22, 24, 27, 28, 29, 30, 31, 32, 33, 34, 42, 43, 44, 45, 46, 47, 50, 51, 53, 55, 57, 63, 64, 71, 72, 73) [0.9, 0.4792104551351355]
(4, 5, 7, 9, 21, 22, 24, 25, 27, 28, 30, 31, 32, 33, 34, 42, 43, 44, 45, 46, 47, 50, 51, 53, 55, 57, 63, 64, 71, 72, 73) [0.9, 0.4790869869540993]
(4, 5, 7, 8, 9, 21, 22, 24, 25, 27, 28, 30, 31, 32, 33, 34, 43, 44, 45, 46, 47, 50, 51, 53, 55, 57, 63, 64, 66, 72, 73) [0.9, 0.4790350847991734]
(4, 5, 7, 9, 10, 21, 22, 24, 25, 27, 28, 30, 31, 32, 33, 42, 43, 44, 45, 46, 47, 50, 51, 53, 55, 57, 63, 64, 66, 72, 73) [0.9, 0.47897257703245516]
(4, 5, 7, 8, 9, 21, 22, 24, 27, 28, 29, 30, 31, 32, 33, 34, 42, 43, 44, 45, 46, 50, 51, 53, 55, 57, 63, 64, 66, 72, 73) [0.9, 0.4787502389117793]
(4, 5, 7, 8, 9, 21, 22, 24, 25, 27, 28, 29, 30, 31, 32, 33, 34, 42, 43, 44, 45, 46, 47, 51, 53, 55, 57, 63, 64, 72, 73) [0.9, 0.4787153370201229]
(4, 5, 7, 9, 10, 21, 22, 24, 25, 27, 28, 30, 31, 32, 33, 34, 42, 43, 44, 45, 46, 47, 50, 51, 53, 55, 57, 63, 64, 66, 73) [0.9, 0.478700955509209]
(4, 5, 7, 8, 9, 21, 22, 24, 25, 27, 28, 30, 31, 32, 33, 34, 42, 43, 44, 45, 46, 50, 51, 53, 55, 57, 63, 64, 66, 72, 73) [0.9, 0.4786500488317819]
(4, 5, 7, 8, 9, 21, 22, 24, 25, 27, 28, 29, 30, 31, 32, 33, 34, 42, 43, 44, 45, 46, 47, 50, 51, 53, 55, 57, 64, 72, 73) [0.9, 0.47806128140169984]
(4, 5, 7, 9, 10, 21, 22, 24, 25, 27, 28, 29, 30, 31, 32, 33, 42, 43, 44, 45, 46, 47, 50, 51, 53, 55, 57, 63, 64, 72, 73) [0.9, 0.4780530173742738]
(4, 5, 7, 8, 9, 21, 22, 24, 27, 28, 29, 30, 31, 32, 33, 34, 42, 43, 44, 46, 47, 50, 51, 53, 55, 57, 63, 64, 66, 72, 73) [0.9, 0.4780394093017528]
(4, 5, 7, 9, 10, 21, 22, 24, 27, 28, 29, 30, 31, 32, 33, 34, 42, 43, 44, 45, 46, 47, 51, 53, 55, 57, 63, 64, 66, 72, 73) [0.9, 0.4778282087371573]
(4, 5, 7, 9, 21, 22, 24, 27, 28, 30, 31, 32, 33, 34, 42, 43, 44, 45, 46, 47, 50, 51, 53, 55, 57, 61, 63, 64, 66, 72, 73) [0.9, 0.4777163206207289]
(4, 5, 7, 8, 9, 21, 22, 24, 27, 28, 29, 30, 32, 33, 34, 42, 43, 44, 45, 46, 47, 50, 51, 53, 55, 57, 63, 64, 66, 72, 73) [0.9, 0.4776968269225925]
(4, 5, 7, 8, 9, 21, 22, 24, 27, 28, 29, 30, 31, 32, 33, 34, 42, 43, 44, 45, 47, 50, 51, 53, 55, 57, 63, 64, 66, 72, 73) [0.9, 0.47767729406166465]
(4, 5, 7, 8, 9, 21, 22, 24, 27, 28, 29, 30, 31, 32, 33, 34, 42, 43, 44, 45, 46, 47, 50, 51, 53, 55, 63, 64, 66, 72, 73) [0.9, 0.4776655662209179]
(4, 5, 7, 8, 9, 21, 22, 24, 27, 28, 29, 30, 31, 32, 33, 34, 42, 44, 45, 46, 47, 50, 51, 53, 55, 57, 63, 64, 66, 72, 73) [0.9, 0.4776493471714353]
(4, 5, 7, 8, 9, 21, 22, 24, 27, 29, 30, 31, 32, 33, 34, 42, 43, 44, 45, 46, 47, 50, 51, 53, 55, 57, 63, 64, 66, 72, 73) [0.9, 0.4776298103069199]
(4, 5, 7, 8, 9, 21, 22, 27, 28, 29, 30, 31, 32, 33, 34, 42, 43, 44, 45, 46, 47, 50, 51, 53, 55, 57, 63, 64, 66, 72, 73) [0.9, 0.47762640615419855]
(4, 5, 7, 8, 9, 21, 22, 24, 27, 28, 29, 31, 32, 33, 34, 42, 43, 44, 45, 46, 47, 50, 51, 53, 55, 57, 63, 64, 66, 72, 73) [0.9, 0.47760247597060906]
(4, 5, 7, 8, 9, 21, 22, 24, 25, 27, 28, 30, 31, 32, 33, 34, 42, 43, 44, 46, 47, 50, 51, 53, 55, 57, 63, 64, 66, 72, 73) [0.9, 0.4775749067966317]
(4, 5, 7, 9, 21, 22, 24, 27, 28, 29, 30, 31, 32, 33, 42, 43, 44, 45, 46, 47, 50, 51, 53, 55, 57, 63, 64, 66, 71, 72, 73) [0.9, 0.47752330468531784]
(4, 5, 7, 9, 10, 21, 22, 24, 25, 27, 28, 29, 30, 31, 32, 33, 34, 42, 43, 44, 45, 46, 47, 50, 51, 53, 55, 57, 63, 64, 73) [0.9, 0.4775124426371478]
(4, 5, 7, 9, 10, 21, 22, 24, 25, 27, 28, 30, 31, 32, 33, 34, 42, 43, 44, 45, 46, 47, 51, 53, 55, 57, 63, 64, 66, 72, 73) [0.9, 0.47747946526851964]
(4, 5, 7, 9, 21, 22, 24, 25, 27, 28, 30, 31, 32, 33, 42, 43, 44, 45, 46, 47, 50, 51, 53, 55, 57, 63, 64, 66, 71, 72, 73) [0.9, 0.4774710720714008]
(4, 5, 7, 8, 9, 21, 22, 24, 27, 28, 29, 30, 31, 32, 33, 34, 42, 43, 44, 45, 46, 47, 50, 53, 55, 57, 63, 64, 66, 72, 73) [0.9, 0.4773855632328164]
(4, 5, 7, 8, 9, 21, 22, 24, 25, 27, 28, 29, 30, 31, 32, 33, 42, 43, 44, 45, 46, 47, 51, 53, 55, 57, 63, 64, 66, 72, 73) [0.9, 0.4772555065395568]
(4, 5, 7, 8, 9, 21, 22, 24, 25, 27, 28, 29, 30, 31, 32, 33, 34, 43, 44, 45, 46, 47, 50, 51, 53, 55, 57, 63, 64, 72, 73) [0.9, 0.47719474112863997]
(4, 5, 7, 8, 9, 21, 22, 24, 25, 27, 28, 30, 32, 33, 34, 42, 43, 44, 45, 46, 47, 50, 51, 53, 55, 57, 63, 64, 66, 72, 73) [0.9, 0.4771715283037759]
(4, 5, 7, 8, 9, 21, 22, 24, 25, 27, 28, 30, 31, 32, 33, 34, 42, 43, 44, 45, 47, 50, 51, 53, 55, 57, 63, 64, 66, 72, 73) [0.9, 0.477148737396152]
(4, 5, 7, 8, 9, 21, 22, 24, 25, 27, 28, 30, 31, 32, 33, 34, 42, 43, 44, 45, 46, 47, 50, 51, 53, 55, 63, 64, 66, 72, 73) [0.9, 0.4771350590091496]
(4, 5, 7, 8, 9, 21, 22, 24, 25, 27, 28, 30, 31, 32, 33, 34, 42, 44, 45, 46, 47, 50, 51, 53, 55, 57, 63, 64, 66, 72, 73) [0.9, 0.47711614937879165]
(4, 5, 7, 8, 9, 21, 22, 25, 27, 28, 30, 31, 32, 33, 34, 42, 43, 44, 45, 46, 47, 50, 51, 53, 55, 57, 63, 64, 66, 72, 73) [0.9, 0.47709617642511165]
(4, 5, 7, 8, 9, 21, 22, 24, 25, 27, 30, 31, 32, 33, 34, 42, 43, 44, 45, 46, 47, 50, 51, 53, 55, 57, 63, 64, 66, 72, 73) [0.9, 0.47709338216824754]
(4, 5, 7, 8, 9, 21, 22, 24, 25, 27, 28, 31, 32, 33, 34, 42, 43, 44, 45, 46, 47, 50, 51, 53, 55, 57, 63, 64, 66, 72, 73) [0.9, 0.4770615475601419]
(4, 5, 7, 9, 21, 22, 24, 25, 27, 28, 30, 31, 32, 33, 34, 42, 43, 44, 45, 46, 47, 50, 51, 53, 55, 57, 63, 64, 66, 71, 73) [0.9, 0.47705768868016335]
(4, 5, 7, 8, 9, 21, 22, 24, 25, 27, 28, 29, 30, 31, 32, 33, 42, 43, 44, 45, 46, 47, 50, 51, 53, 55, 57, 64, 66, 72, 73) [0.9, 0.47685782234546287]
(4, 5, 7, 8, 9, 21, 22, 24, 25, 27, 28, 30, 31, 32, 33, 34, 42, 43, 44, 45, 46, 47, 50, 53, 55, 57, 63, 64, 66, 72, 73) [0.9, 0.4768572977221162]
(4, 5, 7, 8, 9, 21, 22, 24, 27, 28, 29, 30, 31, 32, 33, 34, 42, 43, 45, 46, 47, 50, 51, 53, 55, 57, 63, 64, 66, 72, 73) [0.9, 0.4767964384614151]
(4, 5, 7, 8, 9, 21, 22, 24, 25, 27, 28, 29, 30, 31, 32, 33, 34, 42, 43, 44, 45, 46, 50, 51, 53, 55, 57, 63, 64, 72, 73) [0.9, 0.47670159110100546]
(4, 5, 7, 9, 21, 22, 24, 27, 28, 29, 30, 31, 32, 33, 34, 42, 43, 44, 45, 46, 47, 50, 51, 53, 55, 57, 63, 64, 66, 71, 73) [0.9, 0.4763662707570259]
(4, 5, 7, 8, 9, 21, 22, 24, 25, 27, 28, 30, 31, 32, 33, 34, 42, 43, 45, 46, 47, 50, 51, 53, 55, 57, 63, 64, 66, 72, 73) [0.9, 0.4763416806898846]
(4, 5, 7, 8, 9, 21, 22, 24, 25, 27, 28, 29, 30, 31, 32, 33, 34, 42, 43, 44, 45, 46, 47, 51, 53, 55, 57, 63, 64, 66, 73) [0.9, 0.4761454678210025]
(4, 5, 7, 8, 9, 10, 21, 22, 24, 27, 28, 30, 31, 32, 33, 34, 42, 43, 44, 45, 46, 47, 50, 51, 53, 55, 57, 63, 64, 72, 73) [0.9, 0.4761189554848673]
(4, 5, 7, 9, 10, 21, 22, 24, 25, 27, 28, 29, 30, 31, 32, 33, 42, 43, 44, 45, 46, 47, 50, 51, 53, 55, 57, 63, 64, 66, 73) [0.9, 0.47607387010605273]
(4, 5, 7, 9, 10, 21, 22, 24, 25, 27, 28, 29, 30, 31, 32, 33, 34, 42, 43, 44, 45, 46, 47, 51, 53, 55, 57, 63, 64, 72, 73) [0.9, 0.47601587839588716]
(4, 5, 7, 9, 10, 21, 22, 24, 27, 28, 29, 30, 31, 32, 33, 34, 43, 44, 45, 46, 47, 50, 51, 53, 55, 57, 63, 64, 66, 72, 73) [0.9, 0.4758722535670272]
(4, 5, 7, 8, 9, 21, 22, 24, 25, 27, 28, 29, 30, 31, 32, 33, 34, 42, 43, 44, 46, 47, 50, 51, 53, 55, 57, 63, 64, 72, 73) [0.9, 0.4758089138862145]
(4, 5, 7, 8, 9, 21, 22, 24, 25, 27, 28, 29, 30, 31, 32, 33, 43, 44, 45, 46, 47, 50, 51, 53, 55, 57, 63, 64, 66, 72, 73) [0.9, 0.4757344398617744]
(4, 5, 7, 8, 9, 21, 22, 24, 25, 27, 28, 29, 30, 31, 32, 33, 34, 42, 43, 44, 45, 46, 47, 50, 51, 53, 55, 57, 64, 66, 73) [0.9, 0.47555222391270946]
(4, 5, 7, 9, 21, 22, 24, 27, 28, 29, 30, 31, 32, 33, 34, 42, 43, 44, 45, 46, 47, 50, 51, 53, 55, 57, 61, 63, 64, 72, 73) [0.9, 0.47554339915156935]
(4, 5, 7, 8, 9, 21, 22, 24, 25, 27, 28, 29, 30, 32, 33, 34, 42, 43, 44, 45, 46, 47, 50, 51, 53, 55, 57, 63, 64, 72, 73) [0.9, 0.4754271071743546]
(4, 5, 7, 9, 21, 22, 24, 25, 27, 28, 29, 30, 31, 32, 33, 42, 43, 44, 45, 46, 47, 50, 51, 53, 55, 57, 63, 64, 71, 72, 73) [0.9, 0.47541446836516865]
(4, 5, 7, 8, 9, 21, 22, 24, 25, 27, 28, 29, 30, 31, 32, 33, 34, 42, 43, 44, 45, 47, 50, 51, 53, 55, 57, 63, 64, 72, 73) [0.9, 0.475406346307411]
(4, 5, 7, 8, 9, 21, 22, 24, 25, 27, 28, 29, 30, 31, 32, 33, 34, 42, 43, 44, 45, 46, 47, 50, 51, 53, 55, 63, 64, 72, 73) [0.9, 0.4753938832553575]
(4, 5, 7, 8, 9, 21, 22, 24, 25, 27, 28, 29, 30, 31, 32, 33, 34, 42, 44, 45, 46, 47, 50, 51, 53, 55, 57, 63, 64, 72, 73) [0.9, 0.4753766500306429]
(4, 5, 7, 8, 9, 21, 22, 24, 25, 27, 29, 30, 31, 32, 33, 34, 42, 43, 44, 45, 46, 47, 50, 51, 53, 55, 57, 63, 64, 72, 73) [0.9, 0.4753558954960077]
(4, 5, 7, 8, 9, 21, 22, 24, 25, 27, 28, 29, 30, 31, 32, 33, 42, 43, 44, 45, 46, 50, 51, 53, 55, 57, 63, 64, 66, 72, 73) [0.9, 0.47535075328941306]
(4, 5, 7, 8, 9, 21, 22, 25, 27, 28, 29, 30, 31, 32, 33, 34, 42, 43, 44, 45, 46, 47, 50, 51, 53, 55, 57, 63, 64, 72, 73) [0.9, 0.47534216590252215]
(4, 5, 7, 8, 9, 21, 22, 24, 25, 27, 28, 29, 31, 32, 33, 34, 42, 43, 44, 45, 46, 47, 50, 51, 53, 55, 57, 63, 64, 72, 73) [0.9, 0.4753268647276836]
