(3, 4, 14, 22, 23, 25, 32, 57, 61, 67, 71, 79, 84, 93, 97, 101, 114, 119, 121, 124, 126, 127) : [1.0, 135391.47552619],
(10, 13, 14, 18, 21, 25, 38, 67, 71, 79, 84, 85, 89, 97, 101, 103, 119, 120, 125, 129, 131, 132) : [1.0, 95062.07260775285],
(10, 13, 14, 18, 21, 25, 38, 67, 71, 79, 84, 85, 89, 97, 101, 103, 119, 120, 125, 129, 131, 133) : [1.0, 95062.07260775285],
(3, 4, 13, 22, 23, 32, 36, 48, 57, 61, 67, 78, 84, 93, 97, 101, 103, 114, 124, 126, 127, 131) : [1.0, 89879.84039933885],
(10, 13, 14, 18, 25, 38, 67, 78, 84, 85, 89, 97, 100, 101, 103, 110, 120, 121, 123, 125, 129, 132) : [1.0, 65518.551356779935],
(10, 13, 14, 18, 25, 38, 67, 78, 84, 85, 89, 97, 100, 101, 103, 110, 120, 121, 123, 125, 129, 133) : [1.0, 65518.551356779935],
(9, 10, 13, 14, 18, 25, 38, 61, 67, 84, 85, 88, 89, 97, 101, 103, 119, 120, 125, 129, 130, 131) : [1.0, 63861.40528426991],
(10, 13, 14, 18, 25, 38, 44, 48, 67, 71, 84, 85, 89, 97, 101, 103, 120, 123, 125, 129, 131, 132) : [1.0, 52633.689179313944],
(10, 13, 14, 18, 25, 38, 44, 48, 67, 71, 84, 85, 89, 97, 101, 103, 120, 123, 125, 129, 131, 133) : [1.0, 52633.689179313944],
(3, 4, 22, 23, 25, 32, 38, 44, 57, 61, 67, 71, 84, 93, 97, 101, 108, 114, 119, 121, 124, 126) : [1.0, 49474.6960494327],
(3, 4, 13, 22, 23, 25, 32, 36, 48, 57, 61, 67, 78, 84, 93, 97, 101, 114, 124, 126, 127, 131) : [1.0, 48478.126116300955],
(3, 4, 22, 23, 25, 32, 44, 57, 61, 67, 71, 74, 84, 93, 97, 101, 108, 114, 119, 121, 124, 126) : [1.0, 45424.059718744444],
(10, 13, 14, 18, 21, 25, 38, 48, 59, 67, 84, 85, 89, 97, 101, 103, 120, 125, 126, 129, 131, 132) : [1.0, 40490.78092051715],
(10, 13, 14, 18, 21, 25, 38, 48, 59, 67, 84, 85, 89, 97, 101, 103, 120, 125, 126, 129, 131, 133) : [1.0, 40490.78092051715],
(3, 4, 21, 22, 23, 25, 32, 44, 57, 61, 67, 71, 84, 93, 97, 101, 114, 119, 124, 126, 127, 131) : [1.0, 39474.754740258664],
(3, 4, 13, 18, 22, 23, 32, 48, 57, 61, 67, 71, 78, 84, 93, 97, 101, 114, 123, 124, 126, 131) : [1.0, 37795.640263175985],
(10, 13, 14, 18, 25, 38, 67, 71, 79, 82, 85, 89, 97, 101, 103, 115, 120, 125, 128, 129, 131, 132) : [1.0, 37208.812475576335],
(10, 13, 14, 18, 25, 38, 67, 71, 79, 82, 85, 89, 97, 101, 103, 115, 120, 125, 128, 129, 131, 133) : [1.0, 37208.812475576335],
(10, 13, 14, 18, 25, 38, 57, 67, 79, 84, 85, 89, 97, 101, 103, 108, 119, 120, 125, 129, 131, 132) : [1.0, 36081.323198998296],
(10, 13, 14, 18, 25, 38, 57, 67, 79, 84, 85, 89, 97, 101, 103, 108, 119, 120, 125, 129, 131, 133) : [1.0, 36081.323198998296],
(2, 3, 4, 13, 22, 23, 25, 32, 48, 57, 61, 67, 78, 84, 93, 97, 101, 114, 124, 126, 127, 131) : [1.0, 33749.83084377487],
(3, 4, 13, 22, 23, 25, 32, 48, 57, 61, 67, 78, 84, 93, 97, 101, 110, 114, 124, 126, 127, 131) : [1.0, 32361.652835956043],
(3, 4, 14, 22, 23, 25, 32, 57, 61, 67, 71, 79, 84, 93, 97, 101, 103, 114, 119, 121, 124, 126) : [1.0, 30907.3669813514],
(3, 4, 22, 25, 32, 48, 57, 67, 71, 73, 79, 93, 97, 101, 103, 114, 119, 121, 123, 124, 126, 131) : [1.0, 30801.49232450991],
(3, 4, 21, 22, 23, 25, 32, 44, 57, 61, 67, 71, 84, 93, 97, 101, 114, 119, 121, 124, 126, 127) : [1.0, 30591.261765071762],
(3, 4, 22, 23, 25, 32, 44, 48, 57, 61, 67, 71, 84, 93, 97, 101, 108, 114, 119, 121, 124, 126) : [1.0, 30367.57875370259],
(2, 3, 4, 22, 23, 25, 32, 36, 57, 59, 67, 71, 78, 84, 93, 95, 97, 101, 114, 119, 124, 126) : [1.0, 29529.53321217555],
(10, 13, 14, 18, 25, 38, 67, 82, 84, 85, 89, 91, 97, 101, 103, 119, 120, 125, 126, 129, 131, 132) : [1.0, 29254.248849462994],
(10, 13, 14, 18, 25, 38, 67, 82, 84, 85, 89, 91, 97, 101, 103, 119, 120, 125, 126, 129, 131, 133) : [1.0, 29254.248849462994],
(3, 4, 14, 22, 23, 25, 32, 57, 61, 66, 67, 71, 79, 84, 93, 97, 101, 114, 119, 121, 124, 126) : [1.0, 27656.81297336395],
(10, 13, 14, 18, 25, 38, 44, 48, 61, 67, 84, 85, 89, 97, 101, 103, 120, 125, 129, 131, 132, 133) : [1.0, 26321.54778832707],
(3, 4, 22, 23, 25, 32, 44, 57, 61, 67, 71, 84, 93, 95, 97, 101, 108, 114, 119, 121, 124, 126) : [1.0, 26303.283249666376],
(3, 4, 22, 23, 25, 32, 48, 57, 61, 67, 71, 78, 84, 93, 97, 101, 114, 115, 119, 124, 126, 127) : [1.0, 25190.687945586466],
(3, 4, 14, 22, 23, 25, 32, 48, 61, 67, 71, 73, 79, 84, 93, 97, 101, 114, 123, 124, 126, 131) : [1.0, 24798.200895399514],
(1, 10, 13, 14, 18, 25, 36, 38, 48, 67, 79, 85, 89, 97, 101, 103, 108, 120, 125, 126, 129, 132) : [1.0, 23154.864641393626],
(1, 10, 13, 14, 18, 25, 36, 38, 48, 67, 79, 85, 89, 97, 101, 103, 108, 120, 125, 126, 129, 133) : [1.0, 23154.864641393626],
(3, 4, 22, 23, 25, 32, 48, 57, 61, 67, 71, 78, 82, 84, 93, 97, 101, 114, 119, 124, 126, 127) : [1.0, 23033.644530176472],
(3, 4, 19, 22, 23, 25, 32, 44, 57, 61, 67, 71, 84, 93, 97, 101, 108, 114, 119, 121, 124, 126) : [1.0, 22446.803652282193],
(3, 4, 13, 22, 23, 25, 32, 48, 57, 61, 67, 78, 84, 93, 97, 101, 114, 123, 124, 126, 127, 131) : [1.0, 22342.56954283707],
(3, 4, 10, 13, 22, 23, 32, 48, 57, 61, 67, 73, 78, 84, 93, 97, 101, 114, 124, 126, 127, 131) : [1.0, 21662.820758293103],
(10, 13, 14, 18, 25, 38, 44, 57, 67, 73, 84, 85, 89, 97, 101, 103, 119, 120, 125, 129, 131, 132) : [1.0, 21205.614811542127],
(10, 13, 14, 18, 25, 38, 44, 57, 67, 73, 84, 85, 89, 97, 101, 103, 119, 120, 125, 129, 131, 133) : [1.0, 21205.614811542127],
(10, 13, 14, 18, 21, 25, 38, 57, 67, 82, 84, 85, 89, 97, 101, 103, 120, 125, 129, 130, 131, 132) : [1.0, 21161.40594399152],
(10, 13, 14, 18, 21, 25, 38, 57, 67, 82, 84, 85, 89, 97, 101, 103, 120, 125, 129, 130, 131, 133) : [1.0, 21161.40594399152],
(10, 13, 14, 18, 25, 38, 48, 67, 79, 85, 89, 97, 100, 101, 103, 108, 120, 125, 127, 129, 132, 133) : [1.0, 20488.019950076647],
(3, 4, 22, 23, 25, 32, 36, 57, 61, 67, 71, 84, 93, 97, 101, 114, 119, 123, 124, 126, 129, 132) : [1.0, 20478.773044618578],
(3, 4, 22, 23, 25, 32, 36, 57, 61, 67, 71, 84, 93, 97, 101, 114, 119, 123, 124, 126, 129, 133) : [1.0, 20478.773044618578],
(1, 10, 13, 14, 18, 25, 36, 38, 48, 67, 79, 85, 88, 89, 97, 101, 103, 108, 120, 125, 126, 129) : [1.0, 20476.578064551522],
(10, 13, 14, 18, 25, 32, 38, 44, 67, 82, 84, 85, 89, 91, 97, 101, 103, 120, 125, 126, 129, 131) : [1.0, 20159.314495157956],
(3, 4, 22, 23, 25, 32, 57, 61, 67, 71, 78, 84, 85, 93, 97, 101, 110, 114, 119, 121, 124, 126) : [1.0, 19187.67788410699],
(10, 13, 14, 18, 25, 38, 61, 67, 84, 85, 89, 97, 101, 103, 119, 120, 123, 125, 129, 131, 132, 133) : [1.0, 19056.634882200815],
(10, 13, 14, 18, 25, 38, 48, 67, 84, 85, 89, 97, 101, 103, 120, 123, 125, 127, 129, 131, 132, 133) : [1.0, 19034.00750204371],
(10, 13, 14, 18, 25, 38, 61, 67, 78, 79, 85, 89, 97, 101, 103, 108, 120, 121, 125, 129, 131, 132) : [1.0, 18483.691605833166],
(10, 13, 14, 18, 25, 38, 61, 67, 78, 79, 85, 89, 97, 101, 103, 108, 120, 121, 125, 129, 131, 133) : [1.0, 18483.691605833166],
(3, 4, 22, 23, 25, 32, 57, 61, 67, 71, 78, 84, 85, 93, 97, 101, 114, 119, 124, 126, 132, 133) : [1.0, 18420.998726840782],
(3, 4, 22, 23, 25, 32, 36, 57, 61, 67, 71, 73, 84, 93, 97, 101, 114, 119, 123, 124, 126, 129) : [1.0, 18161.899080333747],
(10, 13, 14, 18, 25, 36, 38, 48, 67, 71, 79, 84, 85, 89, 97, 100, 101, 103, 120, 125, 129, 132) : [1.0, 18152.297770426838],
(10, 13, 14, 18, 25, 36, 38, 48, 67, 71, 79, 84, 85, 89, 97, 100, 101, 103, 120, 125, 129, 133) : [1.0, 18152.297770426838],
(3, 4, 22, 23, 25, 32, 44, 57, 61, 67, 71, 84, 93, 97, 101, 108, 114, 119, 121, 124, 126, 132) : [1.0, 18131.576769742373],
(3, 4, 22, 23, 25, 32, 44, 57, 61, 67, 71, 84, 93, 97, 101, 108, 114, 119, 121, 124, 126, 133) : [1.0, 18131.576769742373],
(1, 10, 13, 14, 18, 25, 38, 61, 67, 84, 85, 88, 89, 97, 101, 103, 119, 120, 125, 129, 130, 131) : [1.0, 18078.276977453308],
(10, 13, 14, 18, 21, 25, 38, 48, 59, 67, 71, 79, 85, 89, 97, 101, 103, 120, 125, 129, 130, 132) : [1.0, 17915.212322427495],
(10, 13, 14, 18, 21, 25, 38, 48, 59, 67, 71, 79, 85, 89, 97, 101, 103, 120, 125, 129, 130, 133) : [1.0, 17915.212322427495],
(10, 13, 14, 18, 25, 36, 38, 57, 67, 84, 85, 89, 97, 100, 101, 103, 114, 120, 123, 125, 129, 131) : [1.0, 17877.142890703322],
(3, 4, 13, 22, 23, 32, 48, 57, 61, 67, 73, 78, 84, 93, 97, 101, 103, 114, 124, 126, 127, 131) : [1.0, 17469.26577158745],
(3, 4, 22, 23, 25, 32, 44, 57, 61, 67, 71, 82, 84, 93, 97, 101, 108, 114, 119, 121, 124, 126) : [1.0, 17155.913572725545],
(10, 13, 14, 18, 25, 38, 48, 57, 67, 79, 82, 84, 85, 89, 97, 101, 103, 120, 125, 129, 131, 132) : [1.0, 16515.24648901224],
(10, 13, 14, 18, 25, 38, 48, 57, 67, 79, 82, 84, 85, 89, 97, 101, 103, 120, 125, 129, 131, 133) : [1.0, 16515.24648901224],
(10, 13, 14, 18, 25, 38, 44, 67, 79, 85, 89, 97, 101, 103, 110, 120, 125, 128, 129, 131, 132, 133) : [1.0, 16055.656996137775],
(10, 13, 14, 18, 25, 38, 59, 67, 78, 84, 85, 89, 97, 100, 101, 103, 120, 121, 125, 129, 131, 132) : [1.0, 15840.892314497136],
(10, 13, 14, 18, 25, 38, 59, 67, 78, 84, 85, 89, 97, 100, 101, 103, 120, 121, 125, 129, 131, 133) : [1.0, 15840.892314497136],
(3, 4, 22, 23, 25, 32, 57, 61, 67, 71, 79, 84, 93, 97, 101, 110, 114, 119, 124, 126, 127, 129) : [1.0, 15701.550555399714],
(3, 4, 10, 22, 23, 25, 32, 48, 57, 61, 67, 71, 84, 93, 97, 101, 114, 119, 124, 125, 126, 127) : [1.0, 15671.337702085968],
(10, 13, 14, 18, 25, 38, 67, 82, 84, 85, 88, 89, 97, 98, 101, 103, 120, 125, 128, 129, 131, 132) : [1.0, 15571.103754064863],
(10, 13, 14, 18, 25, 38, 67, 82, 84, 85, 88, 89, 97, 98, 101, 103, 120, 125, 128, 129, 131, 133) : [1.0, 15571.103754064863],
(10, 13, 14, 18, 19, 25, 38, 67, 82, 84, 85, 89, 95, 97, 101, 103, 120, 121, 125, 128, 129, 131) : [1.0, 15567.390758260057],
(10, 13, 14, 18, 25, 38, 48, 57, 67, 82, 84, 85, 89, 97, 101, 103, 119, 120, 125, 129, 131, 132) : [1.0, 15484.934685653934],
(10, 13, 14, 18, 25, 38, 48, 57, 67, 82, 84, 85, 89, 97, 101, 103, 119, 120, 125, 129, 131, 133) : [1.0, 15484.934685653934],
(3, 4, 22, 23, 25, 32, 44, 57, 61, 67, 71, 84, 85, 93, 97, 101, 108, 114, 119, 121, 124, 126) : [1.0, 15339.80486039962],
(3, 4, 10, 13, 22, 23, 32, 48, 57, 61, 67, 71, 78, 84, 93, 97, 101, 114, 124, 126, 127, 131) : [1.0, 14685.454654213834],
(10, 13, 14, 18, 25, 32, 38, 67, 82, 84, 85, 89, 91, 97, 101, 103, 120, 125, 126, 129, 130, 131) : [1.0, 14210.501390589774],
(10, 13, 14, 18, 21, 25, 38, 48, 59, 67, 71, 79, 85, 89, 97, 100, 101, 103, 120, 125, 129, 132) : [1.0, 14201.262421032045],
(10, 13, 14, 18, 21, 25, 38, 48, 59, 67, 71, 79, 85, 89, 97, 100, 101, 103, 120, 125, 129, 133) : [1.0, 14201.262421032045],
(10, 13, 14, 18, 25, 38, 57, 67, 71, 82, 84, 85, 89, 97, 101, 103, 115, 120, 125, 129, 131, 132) : [1.0, 13850.282721837764],
(10, 13, 14, 18, 25, 38, 57, 67, 71, 82, 84, 85, 89, 97, 101, 103, 115, 120, 125, 129, 131, 133) : [1.0, 13850.282721837764],
(3, 4, 22, 23, 25, 32, 48, 57, 61, 67, 71, 84, 93, 97, 101, 114, 115, 119, 121, 123, 124, 126) : [1.0, 13746.145425847246],
(3, 4, 13, 22, 23, 25, 32, 48, 57, 61, 67, 78, 84, 93, 97, 101, 114, 124, 126, 127, 131, 132) : [1.0, 13740.586910857533],
(3, 4, 13, 22, 23, 25, 32, 48, 57, 61, 67, 78, 84, 93, 97, 101, 114, 124, 126, 127, 131, 133) : [1.0, 13740.586910857533],
(3, 4, 13, 22, 23, 32, 36, 38, 48, 57, 61, 67, 78, 84, 93, 97, 100, 101, 114, 124, 126, 131) : [1.0, 13735.942458128078],
(10, 13, 14, 18, 25, 38, 44, 48, 67, 84, 85, 89, 97, 101, 103, 119, 120, 123, 125, 129, 131, 132) : [1.0, 13594.446259567632],
(10, 13, 14, 18, 25, 38, 44, 48, 67, 84, 85, 89, 97, 101, 103, 119, 120, 123, 125, 129, 131, 133) : [1.0, 13594.446259567632],
(3, 4, 14, 22, 23, 25, 32, 57, 61, 67, 71, 82, 84, 93, 97, 100, 101, 114, 119, 124, 126, 127) : [1.0, 13373.074040040336],
(10, 13, 14, 18, 21, 25, 38, 67, 71, 79, 85, 89, 97, 101, 103, 115, 120, 125, 128, 129, 131, 132) : [1.0, 13290.428567734305],
(10, 13, 14, 18, 21, 25, 38, 67, 71, 79, 85, 89, 97, 101, 103, 115, 120, 125, 128, 129, 131, 133) : [1.0, 13290.428567734305],
(3, 4, 22, 23, 25, 32, 57, 61, 67, 71, 78, 84, 85, 93, 97, 101, 114, 119, 121, 124, 125, 126) : [1.0, 13028.501286021297],
(10, 13, 14, 18, 25, 38, 67, 74, 78, 84, 85, 89, 97, 100, 101, 103, 110, 120, 125, 129, 131, 132) : [1.0, 12954.462877867792],
(10, 13, 14, 18, 25, 38, 67, 74, 78, 84, 85, 89, 97, 100, 101, 103, 110, 120, 125, 129, 131, 133) : [1.0, 12954.462877867792],
(10, 13, 14, 18, 25, 38, 57, 67, 84, 85, 89, 97, 100, 101, 103, 119, 120, 125, 129, 131, 132, 133) : [1.0, 12673.666931397958],
(3, 4, 22, 23, 25, 32, 44, 48, 57, 61, 67, 71, 73, 84, 93, 97, 101, 114, 119, 121, 124, 126) : [1.0, 12652.863191615019],
(10, 13, 14, 18, 25, 38, 67, 71, 82, 84, 85, 89, 97, 101, 103, 119, 120, 125, 129, 131, 132, 133) : [1.0, 12423.168332359719],
(3, 4, 10, 13, 19, 22, 23, 32, 48, 57, 61, 67, 78, 84, 93, 97, 101, 114, 124, 126, 127, 131) : [1.0, 12367.757041970071],
(3, 4, 13, 22, 23, 25, 32, 48, 57, 61, 67, 75, 78, 84, 93, 97, 101, 114, 124, 126, 127, 131) : [1.0, 12263.527577980798],
(10, 13, 14, 18, 25, 38, 57, 61, 67, 84, 85, 88, 89, 97, 101, 103, 119, 120, 121, 125, 129, 131) : [1.0, 12245.430109435574],
(3, 4, 14, 22, 23, 25, 32, 36, 57, 61, 67, 71, 78, 84, 93, 97, 101, 114, 119, 124, 126, 129) : [1.0, 12163.552069495463],
(10, 13, 14, 18, 21, 25, 38, 59, 67, 84, 85, 89, 97, 100, 101, 103, 120, 121, 125, 129, 131, 132) : [1.0, 12074.292326146788],
(10, 13, 14, 18, 21, 25, 38, 59, 67, 84, 85, 89, 97, 100, 101, 103, 120, 121, 125, 129, 131, 133) : [1.0, 12074.292326146788],
(3, 4, 21, 22, 23, 25, 32, 57, 61, 67, 71, 84, 93, 97, 101, 114, 115, 119, 121, 123, 124, 126) : [1.0, 11727.08225325325],
(10, 13, 14, 18, 25, 38, 67, 84, 85, 89, 97, 101, 103, 114, 119, 120, 123, 125, 126, 129, 131, 132) : [1.0, 11650.004672385667],
(10, 13, 14, 18, 25, 38, 67, 84, 85, 89, 97, 101, 103, 114, 119, 120, 123, 125, 126, 129, 131, 133) : [1.0, 11650.004672385667],
(10, 13, 14, 18, 25, 38, 67, 73, 79, 84, 85, 89, 97, 100, 101, 103, 120, 123, 125, 128, 129, 131) : [1.0, 11625.361416195452],
(3, 4, 22, 23, 25, 32, 48, 57, 61, 67, 71, 78, 84, 93, 97, 101, 114, 119, 124, 126, 127, 132) : [1.0, 11579.311621449926],
(3, 4, 22, 23, 25, 32, 48, 57, 61, 67, 71, 78, 84, 93, 97, 101, 114, 119, 124, 126, 127, 133) : [1.0, 11579.311621449926],
(3, 4, 14, 22, 23, 25, 32, 57, 61, 67, 71, 72, 84, 93, 97, 100, 101, 114, 119, 124, 126, 127) : [1.0, 11502.747146387672],
(3, 4, 13, 22, 23, 25, 32, 48, 57, 61, 67, 78, 82, 84, 93, 97, 101, 114, 124, 126, 127, 131) : [1.0, 11358.041482891897],
(3, 4, 22, 23, 25, 32, 44, 57, 61, 67, 71, 84, 93, 97, 101, 103, 108, 114, 119, 121, 124, 126) : [1.0, 11354.13681562826],
(3, 4, 19, 22, 23, 25, 32, 57, 61, 67, 71, 78, 84, 85, 93, 97, 101, 114, 119, 121, 124, 126) : [1.0, 11300.191443376585],
(10, 13, 14, 18, 25, 38, 67, 73, 79, 84, 85, 89, 97, 100, 101, 103, 119, 120, 123, 125, 129, 131) : [1.0, 11296.402649447939],
(3, 4, 18, 22, 23, 25, 32, 57, 61, 67, 71, 78, 84, 93, 97, 101, 114, 115, 119, 121, 124, 126) : [1.0, 11278.594923121025],
(3, 4, 14, 22, 23, 25, 32, 36, 57, 61, 67, 71, 84, 93, 97, 100, 101, 114, 119, 124, 126, 127) : [1.0, 11267.41849306717],
(3, 4, 14, 22, 23, 25, 32, 57, 61, 67, 71, 78, 84, 93, 97, 101, 114, 115, 119, 121, 124, 126) : [1.0, 11265.56547330111],
(3, 4, 14, 22, 23, 25, 32, 57, 61, 67, 71, 84, 93, 97, 100, 101, 114, 119, 124, 126, 127, 132) : [1.0, 11130.036291451817],
(3, 4, 14, 22, 23, 25, 32, 57, 61, 67, 71, 84, 93, 97, 100, 101, 114, 119, 124, 126, 127, 133) : [1.0, 11130.036291451817],
(3, 4, 22, 23, 25, 32, 57, 67, 71, 82, 84, 93, 97, 101, 114, 115, 119, 124, 126, 127, 129, 131) : [1.0, 10955.585220448193],
(10, 13, 14, 18, 21, 25, 32, 36, 38, 67, 84, 85, 89, 97, 100, 101, 103, 120, 125, 129, 131, 132) : [1.0, 10812.053083979992],
(10, 13, 14, 18, 21, 25, 32, 36, 38, 67, 84, 85, 89, 97, 100, 101, 103, 120, 125, 129, 131, 133) : [1.0, 10812.053083979992],
(3, 4, 14, 22, 23, 25, 32, 57, 61, 67, 71, 84, 93, 97, 100, 101, 114, 119, 124, 125, 126, 127) : [1.0, 10664.735870714856],
(3, 4, 13, 18, 22, 23, 32, 36, 48, 57, 61, 67, 78, 84, 93, 97, 101, 114, 123, 124, 126, 131) : [1.0, 10453.597630371625],
(3, 4, 10, 13, 21, 22, 23, 32, 48, 57, 61, 67, 78, 84, 93, 97, 101, 114, 124, 126, 127, 131) : [1.0, 10390.15500961648],
(9, 10, 13, 14, 18, 21, 25, 36, 38, 67, 84, 85, 89, 97, 100, 101, 103, 115, 120, 125, 129, 131) : [1.0, 10380.904444565624],
(3, 4, 10, 13, 22, 23, 32, 48, 57, 59, 61, 67, 78, 84, 93, 97, 101, 114, 124, 126, 127, 131) : [1.0, 10375.361668491963],
(10, 13, 14, 18, 25, 38, 57, 67, 84, 85, 89, 91, 97, 101, 103, 115, 119, 120, 125, 126, 129, 131) : [1.0, 10303.202016141126],
(10, 13, 14, 18, 25, 38, 48, 67, 82, 84, 85, 89, 97, 101, 103, 114, 115, 120, 125, 129, 131, 132) : [1.0, 10167.646716271183],
(10, 13, 14, 18, 25, 38, 48, 67, 82, 84, 85, 89, 97, 101, 103, 114, 115, 120, 125, 129, 131, 133) : [1.0, 10167.646716271183],
(1, 10, 13, 14, 18, 25, 38, 67, 82, 84, 85, 89, 97, 100, 101, 103, 108, 119, 120, 125, 129, 131) : [1.0, 10122.26828809553],
(10, 13, 14, 18, 23, 25, 38, 67, 78, 85, 89, 91, 97, 101, 103, 120, 121, 123, 125, 126, 129, 132) : [1.0, 10120.490423625966],
(10, 13, 14, 18, 23, 25, 38, 67, 78, 85, 89, 91, 97, 101, 103, 120, 121, 123, 125, 126, 129, 133) : [1.0, 10120.490423625966],
(3, 4, 14, 22, 23, 25, 32, 57, 61, 67, 71, 84, 93, 97, 101, 114, 115, 119, 121, 123, 124, 126) : [1.0, 10070.831325340241],
(10, 13, 14, 18, 25, 38, 48, 67, 84, 85, 89, 97, 101, 103, 114, 115, 120, 125, 129, 131, 132, 133) : [1.0, 10060.97457119254],
(3, 4, 13, 22, 23, 32, 48, 50, 57, 61, 67, 73, 78, 84, 93, 97, 101, 114, 124, 126, 127, 131) : [1.0, 9940.581531123556],
(3, 4, 13, 18, 22, 23, 32, 36, 48, 57, 61, 67, 78, 84, 93, 97, 101, 114, 115, 124, 126, 131) : [1.0, 9881.83738122708],
(10, 13, 14, 18, 19, 25, 36, 38, 67, 84, 85, 89, 97, 100, 101, 103, 114, 120, 125, 129, 131, 132) : [1.0, 9765.585496585796],
(10, 13, 14, 18, 19, 25, 36, 38, 67, 84, 85, 89, 97, 100, 101, 103, 114, 120, 125, 129, 131, 133) : [1.0, 9765.585496585796],
(10, 13, 14, 18, 21, 25, 38, 59, 67, 84, 85, 89, 97, 100, 101, 103, 120, 125, 129, 131, 132, 133) : [1.0, 9671.2677224528],
(3, 4, 22, 23, 25, 32, 36, 57, 61, 67, 71, 79, 84, 93, 97, 101, 110, 114, 119, 124, 126, 129) : [1.0, 9622.115877538929],
(3, 4, 22, 23, 25, 32, 44, 48, 57, 59, 61, 67, 71, 84, 93, 97, 101, 114, 119, 121, 124, 126) : [1.0, 9576.313104806271],
(10, 13, 14, 18, 25, 36, 38, 67, 71, 84, 85, 89, 97, 100, 101, 103, 119, 120, 125, 129, 131, 132) : [1.0, 9528.217832998196],
(10, 13, 14, 18, 25, 36, 38, 67, 71, 84, 85, 89, 97, 100, 101, 103, 119, 120, 125, 129, 131, 133) : [1.0, 9528.217832998196],
(1, 3, 4, 10, 13, 22, 23, 32, 36, 48, 57, 61, 67, 78, 84, 93, 97, 101, 114, 124, 126, 131) : [1.0, 9415.243351422512],
(0, 10, 13, 14, 18, 25, 38, 67, 78, 84, 85, 89, 97, 101, 103, 115, 119, 120, 125, 126, 129, 131) : [1.0, 9356.023068772129],
(1, 10, 13, 14, 18, 21, 25, 38, 67, 71, 79, 85, 89, 97, 101, 103, 115, 120, 125, 128, 129, 131) : [1.0, 9305.080452913404],
(7, 10, 13, 14, 18, 25, 38, 61, 67, 84, 85, 88, 89, 97, 101, 103, 119, 120, 125, 129, 130, 131) : [1.0, 9224.730402303649],
(10, 13, 14, 18, 25, 28, 38, 67, 73, 78, 84, 85, 89, 97, 100, 101, 103, 120, 125, 129, 131, 132) : [1.0, 9097.92443530189],
(10, 13, 14, 18, 25, 28, 38, 67, 73, 78, 84, 85, 89, 97, 100, 101, 103, 120, 125, 129, 131, 133) : [1.0, 9097.92443530189],
(10, 13, 14, 18, 21, 25, 36, 38, 67, 84, 85, 89, 97, 100, 101, 103, 115, 120, 125, 129, 131, 132) : [1.0, 9076.685696876788],
(10, 13, 14, 18, 21, 25, 36, 38, 67, 84, 85, 89, 97, 100, 101, 103, 115, 120, 125, 129, 131, 133) : [1.0, 9076.685696876788],
(3, 4, 22, 23, 25, 32, 48, 57, 61, 67, 71, 84, 85, 93, 97, 101, 114, 115, 119, 124, 126, 127) : [1.0, 9069.297885363245],
(3, 4, 14, 22, 23, 25, 32, 57, 61, 67, 71, 79, 82, 84, 93, 97, 101, 114, 119, 121, 124, 126) : [1.0, 8959.664487175842],
(10, 13, 14, 18, 21, 25, 38, 48, 67, 84, 85, 89, 97, 101, 103, 114, 120, 125, 129, 131, 132, 133) : [1.0, 8922.601484251736],
(1, 10, 13, 14, 18, 25, 38, 44, 57, 67, 73, 84, 85, 89, 97, 101, 103, 119, 120, 125, 129, 131) : [1.0, 8904.471111172614],
(10, 13, 14, 18, 25, 29, 38, 57, 61, 67, 84, 85, 89, 97, 101, 103, 108, 119, 120, 125, 129, 131) : [1.0, 8836.393686024678],
(10, 13, 14, 18, 25, 38, 44, 57, 67, 82, 84, 85, 89, 97, 101, 103, 119, 120, 125, 129, 131, 132) : [1.0, 8739.677889124188],
(10, 13, 14, 18, 25, 38, 44, 57, 67, 82, 84, 85, 89, 97, 101, 103, 119, 120, 125, 129, 131, 133) : [1.0, 8739.677889124188],
(3, 4, 13, 22, 23, 32, 36, 48, 57, 61, 67, 73, 78, 84, 93, 97, 101, 114, 124, 126, 127, 131) : [1.0, 8712.701300710656],
(10, 13, 14, 18, 25, 38, 67, 78, 82, 85, 89, 95, 97, 101, 103, 120, 121, 123, 125, 129, 132, 133) : [1.0, 8663.088952069247],
(10, 13, 14, 18, 25, 38, 67, 78, 84, 85, 89, 97, 100, 101, 103, 110, 120, 125, 129, 130, 131, 132) : [1.0, 8653.514962405223],
(10, 13, 14, 18, 25, 38, 67, 78, 84, 85, 89, 97, 100, 101, 103, 110, 120, 125, 129, 130, 131, 133) : [1.0, 8653.514962405223],
(0, 10, 13, 14, 18, 25, 36, 38, 44, 48, 67, 84, 85, 89, 97, 101, 103, 120, 123, 125, 129, 131) : [1.0, 8629.888465132275],
(3, 4, 18, 22, 23, 25, 32, 36, 57, 61, 67, 71, 84, 93, 97, 101, 114, 119, 123, 124, 126, 129) : [1.0, 8614.060739356688],
(3, 4, 22, 23, 25, 32, 48, 57, 61, 67, 71, 78, 79, 84, 93, 97, 101, 114, 119, 124, 126, 127) : [1.0, 8540.79178901535],
(10, 13, 14, 18, 25, 38, 67, 78, 82, 85, 89, 97, 101, 103, 120, 121, 123, 125, 127, 129, 132, 133) : [1.0, 8530.348026805721],
(3, 4, 13, 22, 23, 32, 36, 48, 57, 61, 67, 78, 79, 84, 93, 97, 101, 114, 124, 126, 127, 131) : [1.0, 8470.955611706859],
(3, 4, 21, 22, 23, 25, 32, 44, 48, 57, 61, 67, 71, 84, 93, 97, 101, 114, 119, 121, 124, 126) : [1.0, 8364.28226965443],
(10, 13, 14, 18, 25, 36, 38, 44, 57, 67, 73, 84, 85, 89, 97, 101, 103, 119, 120, 125, 129, 131) : [1.0, 8364.231285379205],
(10, 13, 14, 18, 19, 25, 38, 44, 67, 82, 84, 85, 89, 91, 97, 101, 103, 120, 125, 126, 129, 131) : [1.0, 8325.318140162728],
(10, 13, 14, 18, 25, 32, 38, 44, 48, 67, 71, 84, 85, 89, 97, 100, 101, 103, 120, 125, 129, 131) : [1.0, 8230.309496108113],
(3, 4, 21, 22, 23, 25, 32, 48, 57, 61, 67, 71, 84, 93, 97, 101, 114, 115, 119, 124, 126, 127) : [1.0, 8209.767690202127],
(10, 13, 14, 18, 25, 32, 38, 67, 82, 84, 85, 89, 91, 97, 101, 103, 120, 123, 125, 126, 129, 131) : [1.0, 8159.148414655363],
(3, 4, 13, 22, 23, 32, 48, 57, 61, 67, 73, 78, 84, 93, 97, 101, 114, 124, 125, 126, 127, 131) : [1.0, 8138.59778440135],
(3, 4, 14, 22, 23, 25, 32, 57, 61, 67, 71, 79, 84, 93, 97, 101, 114, 119, 121, 124, 126, 131) : [1.0, 8129.8811394474715],
(3, 4, 10, 18, 22, 23, 25, 32, 48, 57, 61, 67, 71, 84, 93, 97, 101, 114, 119, 124, 126, 127) : [1.0, 8112.746683334625],
(3, 4, 13, 22, 23, 32, 48, 57, 61, 67, 73, 78, 84, 93, 97, 100, 101, 114, 124, 126, 127, 131) : [1.0, 8095.560824202236],
(10, 13, 14, 18, 25, 38, 44, 67, 73, 84, 85, 89, 97, 100, 101, 103, 110, 120, 125, 129, 131, 132) : [1.0, 8020.271241028214],
(10, 13, 14, 18, 25, 38, 44, 67, 73, 84, 85, 89, 97, 100, 101, 103, 110, 120, 125, 129, 131, 133) : [1.0, 8020.271241028214],
(10, 13, 14, 18, 25, 38, 67, 78, 85, 89, 97, 101, 103, 120, 121, 123, 125, 126, 128, 129, 132, 133) : [1.0, 7957.102701560077],
(10, 13, 14, 18, 25, 38, 44, 57, 67, 79, 85, 89, 97, 101, 103, 115, 120, 125, 128, 129, 131, 132) : [1.0, 7935.0468166251185],
(10, 13, 14, 18, 25, 38, 44, 57, 67, 79, 85, 89, 97, 101, 103, 115, 120, 125, 128, 129, 131, 133) : [1.0, 7935.0468166251185],
(10, 13, 14, 18, 19, 25, 38, 44, 48, 67, 73, 84, 85, 89, 97, 101, 103, 120, 123, 125, 129, 131) : [1.0, 7919.0021466024555],
(3, 4, 18, 22, 23, 25, 32, 48, 57, 61, 67, 71, 84, 93, 97, 101, 114, 119, 121, 123, 124, 126) : [1.0, 7904.953673005697],
(10, 13, 14, 18, 25, 38, 67, 84, 85, 89, 97, 101, 103, 115, 119, 120, 125, 126, 129, 131, 132, 133) : [1.0, 7809.222983274346],
(3, 4, 22, 23, 25, 32, 36, 48, 57, 61, 67, 71, 78, 84, 93, 97, 101, 114, 119, 124, 126, 129) : [1.0, 7740.6777051704485],
(3, 4, 13, 18, 22, 23, 32, 36, 48, 57, 61, 67, 78, 84, 93, 97, 101, 114, 124, 126, 129, 131) : [1.0, 7717.749450488419],
(3, 4, 13, 22, 23, 32, 48, 57, 61, 67, 73, 78, 84, 85, 93, 97, 101, 114, 124, 126, 127, 131) : [1.0, 7717.156390212076],
(3, 4, 10, 14, 22, 23, 25, 32, 57, 61, 67, 71, 79, 84, 93, 97, 101, 114, 119, 121, 124, 126) : [1.0, 7683.701746629238],
(10, 13, 14, 18, 25, 38, 48, 67, 78, 79, 85, 89, 95, 97, 101, 103, 115, 119, 120, 125, 129, 132) : [1.0, 7676.3723642621735],
(10, 13, 14, 18, 25, 38, 48, 67, 78, 79, 85, 89, 95, 97, 101, 103, 115, 119, 120, 125, 129, 133) : [1.0, 7676.3723642621735],
(10, 13, 14, 18, 21, 25, 38, 48, 59, 67, 71, 79, 85, 89, 97, 101, 103, 108, 120, 125, 129, 132) : [1.0, 7612.142005064576],
(10, 13, 14, 18, 21, 25, 38, 48, 59, 67, 71, 79, 85, 89, 97, 101, 103, 108, 120, 125, 129, 133) : [1.0, 7612.142005064576],
(3, 4, 22, 23, 25, 32, 48, 57, 61, 67, 71, 84, 93, 97, 101, 114, 115, 119, 124, 126, 127, 132) : [1.0, 7580.664484677006],
(3, 4, 22, 23, 25, 32, 48, 57, 61, 67, 71, 84, 93, 97, 101, 114, 115, 119, 124, 126, 127, 133) : [1.0, 7580.664484677006],
(3, 4, 13, 14, 22, 23, 32, 36, 38, 48, 57, 61, 67, 78, 84, 93, 97, 101, 114, 124, 126, 131) : [1.0, 7562.291933385687],
