(1, 6, 7, 48, 57, 58, 59, 61, 63, 64, 68, 69, 70, 73, 75, 78, 79) : [1.0, 6.754157705879282],
(1, 6, 7, 48, 57, 58, 59, 61, 64, 68, 69, 70, 73, 75, 78, 79, 86) : [1.0, 6.693308420332945],
(1, 6, 7, 39, 48, 58, 59, 61, 64, 68, 69, 70, 73, 75, 78, 79, 86) : [1.0, 6.583659103608587],
(1, 6, 7, 48, 58, 59, 61, 63, 64, 68, 69, 70, 73, 75, 78, 79, 86) : [1.0, 6.573491671689693],
(1, 6, 7, 39, 48, 58, 59, 61, 63, 64, 68, 69, 70, 73, 75, 78, 79) : [1.0, 6.562768642955706],
(1, 6, 7, 48, 54, 58, 59, 61, 64, 68, 69, 70, 73, 75, 78, 79, 86) : [1.0, 6.522846911020812],
(1, 6, 7, 48, 54, 57, 58, 61, 64, 68, 69, 70, 73, 75, 78, 79, 86) : [1.0, 6.459453550302453],
(1, 6, 7, 13, 48, 54, 57, 58, 61, 68, 69, 70, 73, 75, 78, 79, 86) : [1.0, 6.45365788005306],
(1, 6, 7, 48, 54, 58, 59, 61, 63, 64, 68, 69, 70, 73, 75, 78, 79) : [1.0, 6.430645496806176],
(1, 6, 7, 48, 54, 57, 58, 61, 63, 68, 69, 70, 71, 73, 75, 78, 79) : [1.0, 6.372403624065021],
(1, 6, 7, 48, 54, 57, 58, 59, 61, 64, 68, 69, 70, 73, 75, 78, 79) : [1.0, 6.361717335354536],
(1, 6, 7, 22, 48, 54, 58, 61, 68, 69, 70, 71, 73, 75, 78, 79, 86) : [1.0, 6.343690792254948],
(1, 6, 7, 39, 48, 58, 59, 61, 63, 68, 69, 70, 73, 75, 78, 79, 86) : [1.0, 6.332964283733907],
(1, 6, 7, 22, 48, 54, 58, 59, 61, 64, 68, 69, 70, 71, 75, 78, 79) : [1.0, 6.322488515176259],
(1, 6, 7, 13, 48, 57, 58, 59, 61, 64, 68, 69, 70, 73, 75, 78, 79) : [1.0, 6.3155193521326805],
(1, 6, 7, 22, 48, 57, 58, 61, 64, 68, 69, 70, 71, 73, 75, 78, 79) : [1.0, 6.30908051750379],
(1, 6, 7, 48, 54, 57, 58, 59, 61, 64, 68, 69, 70, 75, 78, 79, 86) : [1.0, 6.296486963388354],
(1, 6, 7, 39, 48, 57, 58, 59, 61, 64, 68, 69, 70, 73, 75, 78, 79) : [1.0, 6.293308113056732],
(1, 6, 7, 39, 48, 54, 58, 61, 63, 68, 69, 70, 71, 73, 75, 78, 79) : [1.0, 6.263067638460036],
(1, 6, 7, 22, 48, 54, 58, 61, 64, 68, 69, 70, 71, 73, 75, 78, 79) : [1.0, 6.257709287908463],
(1, 6, 7, 22, 48, 58, 59, 61, 64, 68, 69, 70, 71, 73, 75, 78, 79) : [1.0, 6.248167231137879],
(1, 6, 7, 13, 48, 54, 57, 58, 61, 64, 68, 69, 70, 73, 75, 78, 79) : [1.0, 6.24308997457529],
(1, 6, 39, 48, 58, 59, 61, 63, 64, 68, 69, 70, 73, 75, 78, 79, 86) : [1.0, 6.2395564942353285],
(1, 6, 7, 48, 57, 58, 59, 61, 63, 68, 69, 70, 73, 75, 78, 79, 86) : [1.0, 6.23553861961154],
(1, 6, 7, 22, 48, 57, 58, 61, 68, 69, 70, 71, 73, 75, 78, 79, 86) : [1.0, 6.23418980192343],
(1, 6, 7, 48, 53, 58, 59, 61, 64, 68, 69, 70, 73, 75, 78, 79, 86) : [1.0, 6.215142417387468],
(1, 6, 7, 48, 56, 57, 58, 61, 64, 68, 69, 70, 73, 75, 78, 79, 86) : [1.0, 6.214608414169428],
(1, 6, 7, 39, 48, 54, 58, 59, 61, 64, 68, 69, 70, 75, 78, 79, 86) : [1.0, 6.210099105117182],
(1, 6, 7, 39, 48, 54, 58, 61, 68, 69, 70, 71, 73, 75, 78, 79, 86) : [1.0, 6.208774610715916],
(1, 6, 7, 39, 48, 54, 57, 58, 61, 68, 69, 70, 71, 73, 75, 78, 79) : [1.0, 6.1944798352158825],
(1, 6, 7, 48, 53, 58, 59, 61, 63, 64, 68, 69, 70, 73, 75, 78, 79) : [1.0, 6.177647767407856],
(1, 6, 7, 48, 54, 57, 58, 59, 61, 63, 64, 68, 69, 70, 75, 78, 79) : [1.0, 6.163911457791124],
(1, 6, 7, 48, 54, 57, 58, 61, 64, 68, 69, 70, 71, 73, 75, 78, 79) : [1.0, 6.163260501699807],
(1, 6, 7, 39, 48, 57, 58, 59, 61, 63, 64, 68, 69, 70, 75, 78, 79) : [1.0, 6.1616760982432055],
(1, 6, 7, 13, 48, 54, 57, 58, 61, 63, 68, 69, 70, 73, 75, 78, 79) : [1.0, 6.148420732803194],
(1, 6, 7, 13, 48, 58, 59, 61, 63, 64, 68, 69, 70, 73, 75, 78, 79) : [1.0, 6.148095544561879],
(1, 6, 7, 13, 48, 57, 58, 59, 61, 63, 68, 69, 70, 73, 75, 78, 79) : [1.0, 6.147360083848875],
(1, 6, 7, 13, 48, 54, 58, 59, 61, 64, 68, 69, 70, 73, 75, 78, 79) : [1.0, 6.146028447289847],
(1, 6, 7, 39, 48, 54, 58, 59, 61, 64, 68, 69, 70, 73, 75, 78, 79) : [1.0, 6.145701167646279],
(1, 6, 7, 13, 39, 48, 58, 59, 61, 63, 68, 69, 70, 73, 75, 78, 79) : [1.0, 6.141229443247801],
(1, 6, 7, 48, 56, 57, 58, 61, 63, 68, 69, 70, 71, 73, 75, 78, 79) : [1.0, 6.1238452469375],
(1, 6, 7, 39, 48, 57, 58, 61, 63, 68, 69, 70, 71, 73, 75, 78, 79) : [1.0, 6.12200204297849],
(1, 6, 39, 48, 54, 57, 58, 61, 64, 68, 69, 70, 73, 75, 78, 79, 86) : [1.0, 6.119450531363126],
(1, 6, 7, 39, 48, 54, 58, 61, 64, 68, 69, 70, 73, 75, 78, 79, 86) : [1.0, 6.108895398582914],
(1, 6, 7, 13, 48, 56, 57, 58, 61, 68, 69, 70, 73, 75, 78, 79, 86) : [1.0, 6.107841658462732],
(1, 6, 7, 13, 39, 48, 58, 59, 61, 64, 68, 69, 70, 73, 75, 78, 79) : [1.0, 6.106204332616419],
(1, 6, 7, 48, 55, 58, 59, 61, 63, 64, 68, 69, 70, 73, 75, 78, 79) : [1.0, 6.101615725700139],
(1, 6, 7, 13, 48, 56, 57, 58, 61, 64, 68, 69, 70, 73, 75, 78, 79) : [1.0, 6.099801754140313],
(1, 6, 7, 22, 48, 58, 59, 61, 63, 64, 68, 69, 70, 71, 75, 78, 79) : [1.0, 6.08878337062074],
(1, 6, 7, 41, 48, 58, 59, 61, 63, 64, 68, 69, 70, 73, 75, 78, 79) : [1.0, 6.088047678968914],
(1, 6, 7, 39, 48, 54, 58, 59, 61, 63, 64, 68, 69, 70, 75, 78, 79) : [1.0, 6.086062688958625],
(1, 6, 7, 48, 54, 57, 58, 61, 68, 69, 70, 71, 73, 75, 78, 79, 86) : [1.0, 6.086013284637735],
(1, 6, 7, 48, 54, 57, 58, 61, 63, 64, 68, 69, 70, 73, 75, 78, 79) : [1.0, 6.083248914545604],
(1, 6, 7, 48, 53, 57, 58, 59, 61, 64, 68, 69, 70, 73, 75, 78, 79) : [1.0, 6.0754947707848554],
(1, 6, 39, 48, 57, 58, 59, 61, 63, 64, 68, 69, 70, 73, 75, 78, 79) : [1.0, 6.073305353968016],
(1, 6, 7, 48, 54, 56, 58, 61, 63, 68, 69, 70, 71, 73, 75, 78, 79) : [1.0, 6.071583373310899],
(1, 6, 7, 22, 48, 57, 58, 59, 61, 64, 68, 69, 70, 71, 75, 78, 79) : [1.0, 6.070579623909763],
(1, 6, 7, 39, 48, 58, 59, 61, 63, 64, 68, 69, 70, 75, 78, 79, 86) : [1.0, 6.065820113097816],
(1, 6, 7, 39, 48, 57, 58, 59, 61, 64, 68, 69, 70, 75, 78, 79, 86) : [1.0, 6.064560262087592],
(1, 6, 7, 48, 54, 57, 58, 61, 63, 68, 69, 70, 73, 75, 78, 79, 86) : [1.0, 6.059620287895734],
(1, 6, 7, 22, 48, 54, 57, 61, 64, 68, 69, 70, 71, 73, 75, 78, 79) : [1.0, 6.055827673609984],
(1, 6, 13, 48, 54, 56, 57, 58, 61, 64, 68, 69, 70, 73, 75, 78, 79) : [1.0, 6.053134932931634],
(1, 6, 7, 48, 54, 56, 57, 58, 61, 68, 69, 70, 71, 73, 75, 78, 79) : [1.0, 6.051825614922562],
(1, 6, 7, 13, 48, 57, 58, 59, 61, 68, 69, 70, 73, 75, 78, 79, 86) : [1.0, 6.050663581641499],
(1, 6, 7, 13, 48, 58, 59, 61, 63, 68, 69, 70, 73, 75, 78, 79, 86) : [1.0, 6.0476423235429095],
(1, 6, 7, 48, 54, 58, 59, 61, 64, 68, 69, 70, 71, 73, 75, 78, 79) : [1.0, 6.041395628067206],
(1, 6, 7, 39, 48, 54, 57, 58, 61, 68, 69, 70, 73, 75, 78, 79, 86) : [1.0, 6.039192739936807],
(1, 6, 7, 48, 53, 54, 57, 58, 61, 68, 69, 70, 71, 73, 75, 78, 79) : [1.0, 6.0368337872780025],
(1, 6, 7, 48, 54, 56, 58, 61, 64, 68, 69, 70, 71, 73, 75, 78, 79) : [1.0, 6.033736546169374],
(1, 6, 7, 22, 48, 58, 61, 63, 64, 68, 69, 70, 71, 73, 75, 78, 79) : [1.0, 6.0325117067443355],
(1, 6, 7, 48, 56, 57, 58, 61, 63, 68, 69, 70, 73, 75, 78, 79, 86) : [1.0, 6.023004914633225],
(1, 6, 7, 13, 48, 54, 58, 59, 61, 68, 69, 70, 73, 75, 78, 79, 86) : [1.0, 6.021077814861578],
(1, 6, 7, 39, 48, 54, 58, 61, 64, 68, 69, 70, 71, 73, 75, 78, 79) : [1.0, 6.016772980542351],
(1, 6, 7, 41, 48, 58, 59, 61, 63, 64, 68, 69, 70, 75, 78, 79, 86) : [1.0, 6.01445283114071],
(1, 6, 7, 48, 54, 56, 58, 61, 68, 69, 70, 71, 73, 75, 78, 79, 86) : [1.0, 6.011755536209032],
(1, 6, 7, 22, 39, 48, 58, 59, 61, 64, 68, 69, 70, 71, 75, 78, 79) : [1.0, 6.009844543878641],
(1, 6, 7, 48, 56, 58, 59, 61, 63, 64, 68, 69, 70, 73, 75, 78, 79) : [1.0, 6.00717239036761],
(1, 6, 13, 39, 48, 58, 59, 61, 63, 64, 68, 69, 70, 73, 75, 78, 79) : [1.0, 6.007109168394029],
(1, 6, 7, 13, 48, 54, 58, 61, 63, 68, 69, 70, 73, 75, 78, 79, 86) : [1.0, 6.005793165871127],
(1, 6, 7, 48, 56, 57, 58, 61, 64, 68, 69, 70, 71, 73, 75, 78, 79) : [1.0, 6.001892161795817],
(1, 6, 7, 13, 39, 48, 58, 59, 61, 68, 69, 70, 73, 75, 78, 79, 86) : [1.0, 6.0017171475177395],
(1, 6, 7, 22, 48, 58, 59, 61, 63, 68, 69, 70, 71, 73, 75, 78, 79) : [1.0, 5.992858056818557],
(1, 6, 7, 13, 48, 54, 56, 58, 61, 68, 69, 70, 73, 75, 78, 79, 86) : [1.0, 5.991319257047146],
(1, 6, 39, 48, 54, 58, 61, 63, 64, 68, 69, 70, 71, 73, 75, 78, 79) : [1.0, 5.990999698418639],
(1, 6, 7, 48, 50, 58, 59, 61, 64, 68, 69, 70, 73, 75, 78, 79, 86) : [1.0, 5.9906633000149325],
(1, 6, 7, 48, 56, 57, 58, 61, 63, 64, 68, 69, 70, 73, 75, 78, 79) : [1.0, 5.989005595707281],
(1, 6, 7, 13, 48, 58, 59, 61, 64, 68, 69, 70, 73, 75, 78, 79, 86) : [1.0, 5.985415913898182],
(1, 6, 7, 13, 39, 48, 54, 58, 61, 68, 69, 70, 73, 75, 78, 79, 86) : [1.0, 5.983916113578233],
(1, 6, 7, 48, 56, 58, 59, 61, 64, 68, 69, 70, 73, 75, 78, 79, 86) : [1.0, 5.983483235965927],
(1, 6, 7, 41, 48, 57, 58, 61, 64, 68, 69, 70, 73, 75, 78, 79, 86) : [1.0, 5.981399379814498],
(1, 6, 7, 39, 48, 57, 58, 59, 61, 63, 68, 69, 70, 73, 75, 78, 79) : [1.0, 5.979363690122606],
(1, 6, 7, 39, 48, 58, 59, 61, 63, 68, 69, 70, 71, 73, 75, 78, 79) : [1.0, 5.977612242664735],
(1, 6, 7, 48, 54, 56, 57, 58, 61, 64, 68, 69, 70, 71, 75, 78, 79) : [1.0, 5.97467304085824],
(1, 6, 7, 13, 48, 54, 58, 61, 64, 68, 69, 70, 73, 75, 78, 79, 86) : [1.0, 5.966983495047696],
(1, 6, 39, 48, 56, 57, 58, 61, 64, 68, 69, 70, 73, 75, 78, 79, 86) : [1.0, 5.961435151623673],
(1, 6, 7, 41, 48, 58, 59, 61, 64, 68, 69, 70, 73, 75, 78, 79, 86) : [1.0, 5.960037061487439],
(1, 6, 39, 48, 56, 58, 61, 63, 64, 68, 69, 70, 71, 73, 75, 78, 79) : [1.0, 5.959756806194768],
(1, 6, 39, 48, 54, 56, 58, 61, 64, 68, 69, 70, 71, 73, 75, 78, 79) : [1.0, 5.95759160552373],
(1, 6, 7, 13, 48, 56, 57, 58, 61, 63, 68, 69, 70, 73, 75, 78, 79) : [1.0, 5.9554474961898],
(1, 6, 7, 48, 56, 57, 58, 59, 61, 63, 64, 68, 69, 70, 75, 78, 79) : [1.0, 5.954691422574293],
(1, 6, 7, 41, 48, 57, 58, 59, 61, 63, 64, 68, 69, 70, 75, 78, 79) : [1.0, 5.9527602399552935],
(1, 6, 7, 48, 54, 55, 58, 59, 61, 64, 68, 69, 70, 73, 75, 78, 79) : [1.0, 5.952322536389221],
(1, 6, 7, 48, 54, 58, 59, 61, 63, 64, 68, 69, 70, 75, 78, 79, 86) : [1.0, 5.952260254029779],
(1, 6, 7, 22, 48, 58, 59, 61, 68, 69, 70, 71, 73, 75, 78, 79, 86) : [1.0, 5.948908732459047],
(1, 6, 7, 48, 53, 57, 58, 61, 63, 68, 69, 70, 71, 73, 75, 78, 79) : [1.0, 5.948157751589727],
(1, 6, 7, 41, 48, 57, 58, 61, 63, 68, 69, 70, 71, 73, 75, 78, 79) : [1.0, 5.947739254300815],
(1, 6, 7, 39, 48, 57, 58, 61, 63, 68, 69, 70, 73, 75, 78, 79, 86) : [1.0, 5.947032129140884],
(1, 6, 7, 48, 53, 57, 58, 59, 61, 63, 64, 68, 69, 70, 75, 78, 79) : [1.0, 5.945820532432667],
(1, 6, 7, 13, 48, 54, 58, 59, 61, 63, 68, 69, 70, 73, 75, 78, 79) : [1.0, 5.94581118247285],
(1, 6, 7, 39, 48, 57, 58, 61, 64, 68, 69, 70, 73, 75, 78, 79, 86) : [1.0, 5.94574919021291],
(1, 6, 7, 48, 54, 58, 59, 61, 63, 68, 69, 70, 73, 75, 78, 79, 86) : [1.0, 5.94520610416359],
(1, 5, 6, 7, 39, 48, 58, 59, 61, 63, 68, 69, 70, 73, 75, 78, 79) : [1.0, 5.939175856875236],
(1, 6, 7, 48, 53, 54, 58, 61, 63, 68, 69, 70, 71, 73, 75, 78, 79) : [1.0, 5.938004220156574],
(1, 6, 7, 48, 53, 57, 58, 61, 64, 68, 69, 70, 73, 75, 78, 79, 86) : [1.0, 5.936477474780941],
(1, 6, 7, 22, 48, 58, 61, 63, 68, 69, 70, 71, 73, 75, 78, 79, 86) : [1.0, 5.933696014674514],
(1, 6, 7, 13, 48, 54, 56, 58, 61, 64, 68, 69, 70, 73, 75, 78, 79) : [1.0, 5.9333530086192585],
(1, 6, 39, 48, 56, 58, 61, 63, 64, 68, 69, 70, 73, 75, 78, 79, 86) : [1.0, 5.932891266755753],
(1, 6, 7, 39, 48, 57, 58, 59, 61, 68, 69, 70, 73, 75, 78, 79, 86) : [1.0, 5.9323677079358665],
(1, 6, 7, 39, 48, 56, 58, 61, 63, 68, 69, 70, 71, 73, 75, 78, 79) : [1.0, 5.929715626280162],
(1, 6, 7, 13, 48, 56, 58, 61, 63, 68, 69, 70, 73, 75, 78, 79, 86) : [1.0, 5.928662872146297],
(1, 6, 7, 41, 48, 54, 58, 61, 63, 68, 69, 70, 71, 73, 75, 78, 79) : [1.0, 5.925840677699068],
(1, 6, 7, 48, 54, 56, 57, 58, 61, 63, 68, 69, 70, 71, 75, 78, 79) : [1.0, 5.923064137761651],
(1, 6, 7, 48, 53, 54, 58, 61, 64, 68, 69, 70, 73, 75, 78, 79, 86) : [1.0, 5.921578501449132],
(1, 6, 7, 48, 56, 57, 58, 59, 61, 64, 68, 69, 70, 75, 78, 79, 86) : [1.0, 5.917286429261504],
(1, 6, 7, 41, 48, 54, 58, 61, 64, 68, 69, 70, 73, 75, 78, 79, 86) : [1.0, 5.9110484098185525],
(1, 6, 7, 13, 39, 48, 57, 58, 61, 63, 68, 69, 70, 73, 75, 78, 79) : [1.0, 5.909865015195879],
(1, 6, 7, 13, 48, 56, 58, 61, 64, 68, 69, 70, 73, 75, 78, 79, 86) : [1.0, 5.909435786867653],
(1, 6, 7, 48, 53, 54, 57, 58, 61, 68, 69, 70, 73, 75, 78, 79, 86) : [1.0, 5.90459413188776],
(1, 6, 7, 13, 39, 48, 57, 58, 59, 61, 68, 69, 70, 73, 75, 78, 79) : [1.0, 5.9037403167250675],
(1, 6, 7, 48, 53, 57, 58, 59, 61, 64, 68, 69, 70, 75, 78, 79, 86) : [1.0, 5.901562570249406],
(1, 6, 7, 48, 54, 58, 59, 61, 63, 68, 69, 70, 71, 73, 75, 78, 79) : [1.0, 5.9001463664116205],
(1, 6, 7, 13, 48, 54, 57, 58, 59, 61, 64, 68, 69, 70, 75, 78, 79) : [1.0, 5.899740423915411],
(1, 6, 7, 48, 54, 55, 58, 61, 63, 68, 69, 70, 71, 73, 75, 78, 79) : [1.0, 5.897023952153335],
(1, 6, 7, 13, 48, 53, 54, 58, 61, 68, 69, 70, 73, 75, 78, 79, 86) : [1.0, 5.894021490134212],
(1, 6, 7, 48, 54, 56, 58, 61, 64, 68, 69, 70, 73, 75, 78, 79, 86) : [1.0, 5.893768797718802],
(1, 6, 7, 13, 48, 57, 58, 61, 63, 68, 69, 70, 73, 75, 78, 79, 86) : [1.0, 5.891193685639706],
(1, 6, 7, 13, 48, 56, 58, 61, 63, 64, 68, 69, 70, 73, 75, 78, 79) : [1.0, 5.889345932548359],
(1, 6, 7, 48, 53, 54, 58, 59, 61, 64, 68, 69, 70, 75, 78, 79, 86) : [1.0, 5.8891038012425305],
(1, 6, 7, 48, 54, 58, 61, 63, 64, 68, 69, 70, 71, 73, 75, 78, 79) : [1.0, 5.8868181997439395],
(1, 6, 7, 13, 39, 48, 57, 58, 61, 68, 69, 70, 73, 75, 78, 79, 86) : [1.0, 5.883499438640811],
(1, 6, 7, 39, 48, 54, 57, 58, 59, 61, 64, 68, 69, 70, 75, 78, 79) : [1.0, 5.8825815030611475],
(1, 6, 7, 48, 50, 58, 59, 61, 63, 68, 69, 70, 73, 75, 78, 79, 86) : [1.0, 5.881630632592379],
(1, 6, 13, 48, 56, 57, 58, 61, 64, 68, 69, 70, 73, 75, 78, 79, 86) : [1.0, 5.88160488593824],
(1, 6, 7, 39, 48, 54, 57, 58, 61, 64, 68, 69, 70, 73, 75, 78, 79) : [1.0, 5.88126310557269],
(1, 6, 39, 48, 54, 57, 58, 61, 63, 68, 69, 70, 71, 73, 75, 78, 79) : [1.0, 5.87592941346391],
(1, 6, 7, 39, 48, 54, 58, 61, 63, 68, 69, 70, 73, 75, 78, 79, 86) : [1.0, 5.875878903750321],
(1, 6, 7, 22, 39, 48, 58, 61, 64, 68, 69, 70, 71, 73, 75, 78, 79) : [1.0, 5.87488163327229],
(1, 6, 7, 48, 58, 59, 61, 63, 64, 68, 69, 70, 71, 73, 75, 78, 79) : [1.0, 5.873893518529464],
(1, 6, 7, 48, 55, 58, 59, 61, 64, 68, 69, 70, 73, 75, 78, 79, 86) : [1.0, 5.873599887504485],
(1, 6, 7, 39, 48, 58, 59, 61, 64, 68, 69, 70, 71, 73, 75, 78, 79) : [1.0, 5.873230272225591],
(1, 6, 48, 57, 58, 59, 61, 63, 64, 68, 69, 70, 73, 75, 78, 79, 86) : [1.0, 5.868213159912191],
(1, 6, 7, 13, 48, 54, 56, 57, 58, 61, 68, 69, 70, 75, 78, 79, 86) : [1.0, 5.867312574731382],
(1, 6, 7, 39, 48, 56, 58, 61, 64, 68, 69, 70, 73, 75, 78, 79, 86) : [1.0, 5.866723898268953],
(1, 6, 7, 48, 54, 58, 61, 63, 64, 68, 69, 70, 73, 75, 78, 79, 86) : [1.0, 5.866318862708748],
(1, 6, 39, 48, 54, 58, 59, 61, 64, 68, 69, 70, 73, 75, 78, 79, 86) : [1.0, 5.860957841512479],
(1, 6, 7, 39, 48, 54, 58, 59, 61, 64, 68, 69, 70, 71, 75, 78, 79) : [1.0, 5.8606199118315345],
(1, 6, 7, 41, 48, 57, 58, 61, 63, 64, 68, 69, 70, 73, 75, 78, 79) : [1.0, 5.860540408445218],
(1, 6, 7, 48, 50, 58, 59, 61, 63, 64, 68, 69, 70, 73, 75, 78, 79) : [1.0, 5.8604562195534395],
(1, 6, 7, 48, 56, 57, 58, 61, 68, 69, 70, 71, 73, 75, 78, 79, 86) : [1.0, 5.857726835507284],
(1, 6, 13, 48, 57, 58, 59, 61, 63, 64, 68, 69, 70, 73, 75, 78, 79) : [1.0, 5.85656182802404],
(1, 6, 7, 48, 56, 58, 59, 61, 63, 64, 68, 69, 70, 75, 78, 79, 86) : [1.0, 5.856131938113829],
(1, 6, 7, 48, 56, 58, 61, 63, 64, 68, 69, 70, 73, 75, 78, 79, 86) : [1.0, 5.8559459229678295],
(1, 6, 39, 48, 54, 58, 61, 63, 68, 69, 70, 71, 73, 75, 78, 79, 86) : [1.0, 5.855195637247919],
(1, 6, 7, 48, 57, 58, 59, 61, 64, 68, 69, 70, 71, 73, 75, 78, 79) : [1.0, 5.853721445665339],
(1, 6, 7, 48, 54, 56, 57, 58, 61, 68, 69, 70, 71, 75, 78, 79, 86) : [1.0, 5.852269352706539],
(1, 6, 39, 48, 54, 58, 59, 61, 63, 64, 68, 69, 70, 73, 75, 78, 79) : [1.0, 5.852185977023519],
(1, 6, 7, 48, 53, 54, 58, 61, 68, 69, 70, 71, 73, 75, 78, 79, 86) : [1.0, 5.849629828502857],
(1, 6, 7, 13, 48, 55, 58, 59, 61, 64, 68, 69, 70, 73, 75, 78, 79) : [1.0, 5.849434355041672],
(1, 6, 7, 13, 39, 48, 58, 61, 63, 68, 69, 70, 73, 75, 78, 79, 86) : [1.0, 5.848422596014293],
(1, 6, 7, 48, 54, 56, 57, 58, 61, 64, 68, 69, 70, 75, 78, 79, 86) : [1.0, 5.847392926294048],
(1, 6, 7, 13, 48, 56, 57, 61, 64, 68, 69, 70, 73, 75, 78, 79, 86) : [1.0, 5.846054582228353],
(1, 6, 39, 48, 57, 58, 59, 61, 64, 68, 69, 70, 73, 75, 78, 79, 86) : [1.0, 5.845660143164397],
(1, 6, 7, 48, 54, 56, 57, 58, 61, 64, 68, 69, 70, 73, 75, 78, 79) : [1.0, 5.8456037841357595],
(1, 6, 7, 48, 57, 58, 59, 61, 63, 64, 68, 69, 70, 75, 78, 79, 86) : [1.0, 5.843614270386683],
(1, 6, 7, 13, 48, 54, 56, 57, 58, 61, 64, 68, 69, 70, 75, 78, 79) : [1.0, 5.841022312443788],
(1, 6, 7, 48, 54, 57, 58, 59, 61, 68, 69, 70, 73, 75, 78, 79, 86) : [1.0, 5.840375524056652],
(1, 6, 7, 39, 48, 58, 61, 63, 64, 68, 69, 70, 71, 73, 75, 78, 79) : [1.0, 5.839305198818678],
(1, 6, 39, 48, 54, 57, 58, 61, 64, 68, 69, 70, 71, 73, 75, 78, 79) : [1.0, 5.838882196980171],
(1, 6, 7, 39, 48, 59, 61, 63, 64, 68, 69, 70, 73, 75, 78, 79, 86) : [1.0, 5.838600789327167],
(1, 6, 7, 22, 48, 56, 58, 61, 64, 68, 69, 70, 71, 73, 75, 78, 79) : [1.0, 5.837436623633671],
(1, 6, 7, 48, 56, 58, 61, 63, 64, 68, 69, 70, 71, 73, 75, 78, 79) : [1.0, 5.836730093419982],
(1, 6, 7, 22, 48, 57, 61, 63, 64, 68, 69, 70, 71, 73, 75, 78, 79) : [1.0, 5.836453512207959],
(1, 6, 7, 39, 48, 58, 61, 63, 68, 69, 70, 71, 73, 75, 78, 79, 86) : [1.0, 5.833857193579722],
(1, 5, 6, 7, 39, 48, 58, 59, 61, 68, 69, 70, 73, 75, 78, 79, 86) : [1.0, 5.833633509983793],
(1, 6, 7, 39, 48, 53, 58, 59, 61, 64, 68, 69, 70, 75, 78, 79, 86) : [1.0, 5.833074050823757],
(1, 6, 7, 39, 48, 57, 58, 61, 63, 64, 68, 69, 70, 73, 75, 78, 79) : [1.0, 5.829706225004254],
(1, 6, 13, 48, 54, 58, 59, 61, 64, 68, 69, 70, 73, 75, 78, 79, 86) : [1.0, 5.828628040513994],
(1, 6, 7, 41, 48, 54, 58, 61, 64, 68, 69, 70, 71, 73, 75, 78, 79) : [1.0, 5.827996187076786],
(1, 6, 7, 48, 54, 58, 61, 63, 68, 69, 70, 71, 73, 75, 78, 79, 86) : [1.0, 5.827320132744324],
(1, 6, 7, 48, 53, 54, 57, 58, 61, 64, 68, 69, 70, 73, 75, 78, 79) : [1.0, 5.825667496863638],
(1, 6, 13, 39, 48, 56, 58, 61, 64, 68, 69, 70, 73, 75, 78, 79, 86) : [1.0, 5.825555600067013],
(1, 6, 7, 13, 48, 54, 56, 57, 58, 61, 68, 69, 70, 73, 75, 78, 79) : [1.0, 5.824573465584988],
(1, 6, 7, 48, 56, 57, 58, 59, 61, 64, 68, 69, 70, 73, 75, 78, 79) : [1.0, 5.82380734604907],
(1, 6, 39, 48, 56, 57, 58, 61, 63, 64, 68, 69, 70, 73, 75, 78, 79) : [1.0, 5.823256399766183],
(1, 6, 7, 39, 48, 56, 58, 61, 63, 68, 69, 70, 73, 75, 78, 79, 86) : [1.0, 5.821961365088408],
(1, 6, 7, 13, 48, 57, 58, 61, 63, 64, 68, 69, 70, 73, 75, 78, 79) : [1.0, 5.821190228174606],
(1, 6, 13, 48, 54, 58, 59, 61, 63, 64, 68, 69, 70, 73, 75, 78, 79) : [1.0, 5.818006831378193],
(1, 6, 7, 39, 48, 56, 58, 59, 61, 64, 68, 69, 70, 75, 78, 79, 86) : [1.0, 5.817933805901188],
(1, 6, 7, 13, 48, 54, 57, 58, 59, 61, 68, 69, 70, 73, 75, 78, 79) : [1.0, 5.817918516906602],
(1, 6, 7, 39, 48, 53, 58, 61, 63, 68, 69, 70, 71, 73, 75, 78, 79) : [1.0, 5.817905813756156],
