(4, 5, 7, 9, 21, 22, 24, 27, 28, 30, 31, 32, 33, 34, 42, 43, 44, 45, 46, 47, 50, 51, 53, 55, 57, 63, 64, 66, 72, 73) [0.9, 0.5054354509106278]
(4, 5, 7, 9, 21, 22, 24, 25, 27, 28, 30, 31, 32, 33, 34, 42, 43, 44, 45, 46, 47, 50, 51, 53, 55, 57, 63, 64, 72, 73) [0.9, 0.5025276279095549]
(4, 5, 7, 9, 21, 22, 24, 27, 28, 29, 30, 31, 32, 33, 34, 42, 43, 44, 45, 46, 47, 50, 51, 53, 55, 57, 63, 64, 72, 73) [0.9, 0.5025052637142545]
(4, 5, 7, 9, 21, 22, 24, 25, 27, 28, 30, 31, 32, 33, 42, 43, 44, 45, 46, 47, 50, 51, 53, 55, 57, 63, 64, 66, 72, 73) [0.9, 0.5008330181104006]
(4, 5, 7, 9, 21, 22, 24, 27, 28, 29, 30, 31, 32, 33, 42, 43, 44, 45, 46, 47, 50, 51, 53, 55, 57, 63, 64, 66, 72, 73) [0.9, 0.5007425802172664]
(4, 5, 7, 9, 21, 22, 24, 25, 27, 28, 30, 31, 32, 33, 34, 42, 43, 44, 45, 46, 47, 50, 51, 53, 55, 57, 63, 64, 66, 73) [0.9, 0.49979395430434553]
(4, 5, 7, 9, 21, 22, 24, 27, 28, 29, 30, 31, 32, 33, 34, 42, 43, 44, 45, 46, 47, 50, 51, 53, 55, 57, 63, 64, 66, 73) [0.9, 0.49893185101219123]
(4, 5, 7, 9, 21, 22, 24, 25, 27, 28, 29, 30, 31, 32, 33, 42, 43, 44, 45, 46, 47, 50, 51, 53, 55, 57, 63, 64, 72, 73) [0.9, 0.4987710435272598]
(4, 5, 7, 8, 9, 21, 22, 24, 27, 28, 30, 31, 32, 33, 34, 42, 43, 44, 45, 46, 47, 50, 51, 53, 55, 57, 63, 64, 72, 73) [0.9, 0.4980752964111234]
(4, 5, 7, 9, 21, 22, 24, 25, 27, 28, 29, 30, 31, 32, 33, 34, 42, 43, 44, 45, 46, 47, 50, 51, 53, 55, 57, 63, 64, 73) [0.9, 0.4974143646361611]
(4, 5, 7, 9, 21, 22, 24, 25, 27, 28, 30, 31, 32, 33, 34, 42, 43, 44, 45, 46, 47, 51, 53, 55, 57, 63, 64, 66, 72, 73) [0.9, 0.4971409544964498]
(4, 5, 7, 8, 9, 21, 22, 24, 27, 28, 30, 31, 32, 33, 42, 43, 44, 45, 46, 47, 50, 51, 53, 55, 57, 63, 64, 66, 72, 73) [0.9, 0.49668681739943255]
(4, 5, 7, 9, 21, 22, 24, 27, 28, 29, 30, 31, 32, 33, 34, 42, 43, 44, 45, 46, 47, 51, 53, 55, 57, 63, 64, 66, 72, 73) [0.9, 0.49581319282510306]
(4, 5, 7, 9, 21, 22, 24, 25, 27, 28, 29, 30, 31, 32, 33, 42, 43, 44, 45, 46, 47, 50, 51, 53, 55, 57, 63, 64, 66, 73) [0.9, 0.4955998269923179]
(4, 5, 7, 9, 21, 22, 24, 25, 27, 28, 30, 31, 32, 33, 34, 43, 44, 45, 46, 47, 50, 51, 53, 55, 57, 63, 64, 66, 72, 73) [0.9, 0.4955101853298077]
(4, 5, 7, 8, 9, 21, 22, 24, 27, 28, 30, 31, 32, 33, 34, 42, 43, 44, 45, 46, 47, 50, 51, 53, 55, 57, 63, 64, 66, 73) [0.9, 0.4954178788734042]
(4, 5, 7, 9, 21, 22, 24, 27, 28, 29, 30, 31, 32, 33, 34, 42, 43, 44, 45, 46, 47, 50, 51, 53, 55, 57, 64, 66, 72, 73) [0.9, 0.495315178435598]
(4, 5, 7, 9, 21, 22, 24, 27, 28, 29, 30, 31, 32, 33, 34, 43, 44, 45, 46, 47, 50, 51, 53, 55, 57, 63, 64, 66, 72, 73) [0.9, 0.4950021765212475]
(4, 5, 7, 9, 21, 22, 24, 25, 27, 28, 30, 31, 32, 33, 34, 42, 43, 44, 45, 46, 47, 50, 51, 53, 55, 57, 64, 66, 72, 73) [0.9, 0.49481412525865903]
(4, 5, 7, 9, 21, 22, 24, 25, 27, 28, 30, 31, 32, 33, 34, 42, 43, 44, 45, 46, 50, 51, 53, 55, 57, 63, 64, 66, 72, 73) [0.9, 0.49473723095141114]
(4, 5, 7, 9, 21, 22, 24, 25, 27, 28, 29, 30, 31, 32, 33, 34, 42, 43, 44, 45, 46, 47, 51, 53, 55, 57, 63, 64, 72, 73) [0.9, 0.4945101211364788]
(4, 5, 7, 8, 9, 21, 22, 24, 27, 28, 29, 30, 31, 32, 33, 42, 43, 44, 45, 46, 47, 50, 51, 53, 55, 57, 63, 64, 72, 73) [0.9, 0.4942205430145214]
(4, 5, 7, 9, 21, 22, 24, 27, 28, 29, 30, 31, 32, 33, 34, 42, 43, 44, 45, 46, 50, 51, 53, 55, 57, 63, 64, 66, 72, 73) [0.9, 0.49413824983967825]
(4, 5, 7, 9, 21, 22, 24, 25, 27, 28, 30, 31, 32, 33, 34, 42, 43, 44, 46, 47, 50, 51, 53, 55, 57, 63, 64, 66, 72, 73) [0.9, 0.4938299184410762]
(4, 5, 7, 9, 21, 22, 24, 27, 28, 29, 30, 31, 32, 33, 34, 42, 43, 44, 46, 47, 50, 51, 53, 55, 57, 63, 64, 66, 72, 73) [0.9, 0.49360219653472165]
(4, 5, 7, 8, 9, 21, 22, 24, 25, 27, 28, 30, 31, 32, 33, 42, 43, 44, 45, 46, 47, 50, 51, 53, 55, 57, 63, 64, 72, 73) [0.9, 0.493474718849556]
(4, 5, 7, 9, 21, 22, 24, 25, 27, 28, 30, 32, 33, 34, 42, 43, 44, 45, 46, 47, 50, 51, 53, 55, 57, 63, 64, 66, 72, 73) [0.9, 0.4932871623896043]
(4, 5, 7, 9, 21, 22, 24, 25, 27, 28, 29, 30, 31, 32, 33, 34, 43, 44, 45, 46, 47, 50, 51, 53, 55, 57, 63, 64, 72, 73) [0.9, 0.4932828417232547]
(4, 5, 7, 9, 21, 22, 24, 25, 27, 28, 30, 31, 32, 33, 34, 42, 43, 44, 45, 47, 50, 51, 53, 55, 57, 63, 64, 66, 72, 73) [0.9, 0.49326217828500135]
(4, 5, 7, 9, 21, 22, 24, 25, 27, 28, 30, 31, 32, 33, 34, 42, 43, 44, 45, 46, 47, 50, 51, 53, 55, 63, 64, 66, 72, 73) [0.9, 0.49324718488580405]
(4, 5, 7, 9, 21, 22, 24, 25, 27, 28, 30, 31, 32, 33, 34, 42, 44, 45, 46, 47, 50, 51, 53, 55, 57, 63, 64, 66, 72, 73) [0.9, 0.4932264588946096]
(4, 5, 7, 9, 21, 22, 24, 25, 27, 30, 31, 32, 33, 34, 42, 43, 44, 45, 46, 47, 50, 51, 53, 55, 57, 63, 64, 66, 72, 73) [0.9, 0.4932015071998815]
(4, 5, 7, 9, 21, 22, 25, 27, 28, 30, 31, 32, 33, 34, 42, 43, 44, 45, 46, 47, 50, 51, 53, 55, 57, 63, 64, 66, 72, 73) [0.9, 0.4931903205911814]
(4, 5, 7, 9, 21, 22, 24, 25, 27, 28, 31, 32, 33, 34, 42, 43, 44, 45, 46, 47, 50, 51, 53, 55, 57, 63, 64, 66, 72, 73) [0.9, 0.4931666225149039]
(4, 5, 7, 9, 21, 22, 24, 25, 27, 28, 29, 30, 31, 32, 33, 34, 42, 43, 44, 45, 46, 47, 50, 51, 53, 55, 57, 64, 72, 73) [0.9, 0.4931599174166548]
(4, 5, 7, 9, 21, 22, 24, 27, 28, 29, 30, 32, 33, 34, 42, 43, 44, 45, 46, 47, 50, 51, 53, 55, 57, 63, 64, 66, 72, 73) [0.9, 0.493136960135659]
(4, 5, 7, 9, 21, 22, 24, 27, 28, 29, 30, 31, 32, 33, 34, 42, 43, 44, 45, 47, 50, 51, 53, 55, 57, 63, 64, 66, 72, 73) [0.9, 0.493115455150162]
(4, 5, 7, 9, 21, 22, 24, 27, 28, 29, 30, 31, 32, 33, 34, 42, 43, 44, 45, 46, 47, 50, 51, 53, 55, 63, 64, 66, 72, 73) [0.9, 0.4931025445907576]
(4, 5, 7, 9, 21, 22, 27, 28, 29, 30, 31, 32, 33, 34, 42, 43, 44, 45, 46, 47, 50, 51, 53, 55, 57, 63, 64, 66, 72, 73) [0.9, 0.49309629011810596]
(4, 5, 7, 9, 21, 22, 24, 27, 28, 29, 30, 31, 32, 33, 34, 42, 44, 45, 46, 47, 50, 51, 53, 55, 57, 63, 64, 66, 72, 73) [0.9, 0.49308469159300133]
(4, 5, 7, 9, 21, 22, 24, 27, 29, 30, 31, 32, 33, 34, 42, 43, 44, 45, 46, 47, 50, 51, 53, 55, 57, 63, 64, 66, 72, 73) [0.9, 0.49306318913944597]
(4, 5, 7, 9, 21, 22, 24, 27, 28, 29, 31, 32, 33, 34, 42, 43, 44, 45, 46, 47, 50, 51, 53, 55, 57, 63, 64, 66, 72, 73) [0.9, 0.4930331094711225]
(4, 5, 7, 9, 21, 22, 24, 25, 27, 28, 30, 31, 32, 33, 34, 42, 43, 44, 45, 46, 47, 50, 53, 55, 57, 63, 64, 66, 72, 73) [0.9, 0.49293757295185375]
(4, 5, 7, 9, 21, 22, 24, 27, 28, 29, 30, 31, 32, 33, 34, 42, 43, 44, 45, 46, 47, 50, 53, 55, 57, 63, 64, 66, 72, 73) [0.9, 0.49279061281566233]
(4, 5, 7, 9, 21, 22, 24, 25, 27, 28, 29, 30, 31, 32, 33, 42, 43, 44, 45, 46, 47, 51, 53, 55, 57, 63, 64, 66, 72, 73) [0.9, 0.4926847887317547]
(4, 5, 7, 8, 9, 21, 22, 24, 25, 27, 28, 30, 31, 32, 33, 34, 42, 43, 44, 45, 46, 47, 50, 51, 53, 55, 57, 63, 64, 73) [0.9, 0.4926623288671399]
(4, 5, 7, 8, 9, 21, 22, 24, 27, 28, 29, 30, 31, 32, 33, 34, 42, 43, 44, 45, 46, 47, 50, 51, 53, 55, 57, 63, 64, 73) [0.9, 0.4926484636046589]
(4, 5, 7, 9, 21, 22, 24, 25, 27, 28, 30, 31, 32, 33, 34, 42, 43, 45, 46, 47, 50, 51, 53, 55, 57, 63, 64, 66, 72, 73) [0.9, 0.49245256477154403]
(4, 5, 7, 9, 21, 22, 24, 25, 27, 28, 29, 30, 31, 32, 33, 34, 42, 43, 44, 45, 46, 50, 51, 53, 55, 57, 63, 64, 72, 73) [0.9, 0.4924134632321473]
(4, 5, 7, 8, 9, 21, 22, 24, 27, 28, 30, 31, 32, 33, 34, 42, 43, 44, 45, 46, 47, 51, 53, 55, 57, 63, 64, 66, 72, 73) [0.9, 0.4922493035162481]
(4, 5, 7, 9, 21, 22, 24, 27, 28, 29, 30, 31, 32, 33, 34, 42, 43, 45, 46, 47, 50, 51, 53, 55, 57, 63, 64, 66, 72, 73) [0.9, 0.49223141853053726]
(4, 5, 7, 9, 10, 21, 22, 24, 27, 28, 30, 31, 32, 33, 34, 42, 43, 44, 45, 46, 47, 50, 51, 53, 55, 57, 63, 64, 72, 73) [0.9, 0.4920321910035117]
(4, 5, 7, 9, 21, 22, 24, 25, 27, 28, 29, 30, 31, 32, 33, 34, 42, 43, 44, 46, 47, 50, 51, 53, 55, 57, 63, 64, 72, 73) [0.9, 0.4916974295328986]
(4, 5, 7, 9, 21, 22, 24, 25, 27, 28, 29, 30, 31, 32, 33, 42, 43, 44, 45, 46, 47, 50, 51, 53, 55, 57, 64, 66, 72, 73) [0.9, 0.49159680348569984]
(4, 5, 7, 9, 21, 22, 24, 25, 27, 28, 29, 30, 31, 32, 33, 43, 44, 45, 46, 47, 50, 51, 53, 55, 57, 63, 64, 66, 72, 73) [0.9, 0.4914421704995397]
(4, 5, 7, 8, 9, 21, 22, 24, 27, 28, 30, 31, 32, 33, 34, 42, 43, 44, 45, 46, 47, 50, 51, 53, 55, 57, 64, 66, 72, 73) [0.9, 0.4914042096878088]
(4, 5, 7, 9, 21, 22, 24, 25, 27, 28, 29, 30, 31, 32, 33, 34, 42, 43, 44, 45, 46, 47, 51, 53, 55, 57, 63, 64, 66, 73) [0.9, 0.4913255444386471]
(4, 5, 7, 8, 9, 21, 22, 24, 25, 27, 28, 30, 31, 32, 33, 42, 43, 44, 45, 46, 47, 50, 51, 53, 55, 57, 63, 64, 66, 73) [0.9, 0.49121498321438456]
(4, 5, 7, 9, 21, 22, 24, 25, 27, 28, 29, 30, 32, 33, 34, 42, 43, 44, 45, 46, 47, 50, 51, 53, 55, 57, 63, 64, 72, 73) [0.9, 0.4911846892111838]
(4, 5, 7, 9, 21, 22, 24, 25, 27, 28, 29, 30, 31, 32, 33, 34, 42, 43, 44, 45, 47, 50, 51, 53, 55, 57, 63, 64, 72, 73) [0.9, 0.49116188701615243]
(4, 5, 7, 9, 21, 22, 24, 25, 27, 28, 29, 30, 31, 32, 33, 34, 42, 43, 44, 45, 46, 47, 50, 51, 53, 55, 63, 64, 72, 73) [0.9, 0.49114819981790087]
(4, 5, 7, 8, 9, 21, 22, 24, 27, 28, 29, 30, 31, 32, 33, 42, 43, 44, 45, 46, 47, 50, 51, 53, 55, 57, 63, 64, 66, 73) [0.9, 0.4911421948061052]
(4, 5, 7, 9, 21, 22, 24, 25, 27, 28, 29, 30, 31, 32, 33, 34, 42, 44, 45, 46, 47, 50, 51, 53, 55, 57, 63, 64, 72, 73) [0.9, 0.4911292755043031]
(4, 5, 7, 9, 21, 22, 24, 27, 28, 30, 31, 32, 33, 34, 42, 43, 44, 45, 46, 47, 50, 51, 53, 55, 57, 63, 64, 71, 72, 73) [0.9, 0.49112772310046643]
(4, 5, 7, 9, 21, 22, 25, 27, 28, 29, 30, 31, 32, 33, 34, 42, 43, 44, 45, 46, 47, 50, 51, 53, 55, 57, 63, 64, 72, 73) [0.9, 0.49110804272094044]
(4, 5, 7, 9, 21, 22, 24, 25, 27, 29, 30, 31, 32, 33, 34, 42, 43, 44, 45, 46, 47, 50, 51, 53, 55, 57, 63, 64, 72, 73) [0.9, 0.49110648678379315]
(4, 5, 7, 9, 21, 22, 24, 25, 27, 28, 29, 31, 32, 33, 34, 42, 43, 44, 45, 46, 47, 50, 51, 53, 55, 57, 63, 64, 72, 73) [0.9, 0.4910746151322866]
(4, 5, 7, 8, 9, 21, 22, 24, 27, 28, 30, 31, 32, 33, 34, 43, 44, 45, 46, 47, 50, 51, 53, 55, 57, 63, 64, 66, 72, 73) [0.9, 0.49089763510678647]
(4, 5, 7, 9, 21, 22, 24, 25, 27, 28, 29, 30, 31, 32, 33, 34, 42, 43, 44, 45, 46, 47, 50, 53, 55, 57, 63, 64, 72, 73) [0.9, 0.490833894463283]
(4, 5, 7, 9, 21, 22, 24, 25, 27, 28, 29, 30, 31, 32, 33, 42, 43, 44, 45, 46, 50, 51, 53, 55, 57, 63, 64, 66, 72, 73) [0.9, 0.4906996400708234]
(4, 5, 7, 9, 10, 21, 22, 24, 27, 28, 30, 31, 32, 33, 42, 43, 44, 45, 46, 47, 50, 51, 53, 55, 57, 63, 64, 66, 72, 73) [0.9, 0.49066531899418236]
(4, 5, 7, 8, 9, 21, 22, 24, 27, 28, 30, 31, 32, 33, 34, 42, 43, 44, 45, 46, 50, 51, 53, 55, 57, 63, 64, 66, 72, 73) [0.9, 0.4903625440938515]
(4, 5, 7, 9, 21, 22, 24, 25, 27, 28, 29, 30, 31, 32, 33, 34, 42, 43, 45, 46, 47, 50, 51, 53, 55, 57, 63, 64, 72, 73) [0.9, 0.4903036610653295]
(4, 5, 7, 9, 21, 22, 24, 25, 27, 28, 29, 30, 31, 32, 33, 34, 42, 43, 44, 45, 46, 47, 50, 51, 53, 55, 57, 64, 66, 73) [0.9, 0.4900496428505148]
(4, 5, 7, 9, 21, 22, 24, 25, 27, 28, 29, 30, 31, 32, 33, 34, 43, 44, 45, 46, 47, 50, 51, 53, 55, 57, 63, 64, 66, 73) [0.9, 0.49004144990205045]
(4, 5, 7, 9, 10, 21, 22, 24, 27, 28, 30, 31, 32, 33, 34, 42, 43, 44, 45, 46, 47, 50, 51, 53, 55, 57, 63, 64, 66, 73) [0.9, 0.48997192957721497]
(4, 5, 7, 9, 21, 22, 24, 25, 27, 28, 29, 30, 31, 32, 33, 42, 43, 44, 46, 47, 50, 51, 53, 55, 57, 63, 64, 66, 72, 73) [0.9, 0.48996089432597306]
(4, 5, 7, 8, 9, 21, 22, 24, 25, 27, 28, 30, 31, 32, 33, 34, 42, 43, 44, 45, 46, 47, 51, 53, 55, 57, 63, 64, 72, 73) [0.9, 0.48972834770496015]
(4, 5, 7, 8, 9, 21, 22, 24, 27, 28, 30, 31, 32, 33, 34, 42, 43, 44, 46, 47, 50, 51, 53, 55, 57, 63, 64, 66, 72, 73) [0.9, 0.48949613643028106]
(4, 5, 7, 9, 21, 22, 24, 25, 27, 28, 29, 30, 32, 33, 42, 43, 44, 45, 46, 47, 50, 51, 53, 55, 57, 63, 64, 66, 72, 73) [0.9, 0.4894844888060013]
(4, 5, 7, 9, 21, 22, 24, 25, 27, 28, 29, 30, 31, 32, 33, 42, 43, 44, 45, 47, 50, 51, 53, 55, 57, 63, 64, 66, 72, 73) [0.9, 0.4894622064811956]
(4, 5, 7, 9, 21, 22, 24, 25, 27, 28, 29, 30, 31, 32, 33, 42, 43, 44, 45, 46, 47, 50, 51, 53, 55, 63, 64, 66, 72, 73) [0.9, 0.48944883133206263]
(4, 5, 7, 9, 21, 22, 24, 27, 28, 30, 31, 32, 33, 42, 43, 44, 45, 46, 47, 50, 51, 53, 55, 57, 63, 64, 66, 71, 72, 73) [0.9, 0.4894398657271473]
(4, 5, 7, 9, 21, 22, 24, 25, 27, 28, 29, 30, 31, 32, 33, 42, 44, 45, 46, 47, 50, 51, 53, 55, 57, 63, 64, 66, 72, 73) [0.9, 0.48943033845650835]
(4, 5, 7, 9, 21, 22, 25, 27, 28, 29, 30, 31, 32, 33, 42, 43, 44, 45, 46, 47, 50, 51, 53, 55, 57, 63, 64, 66, 72, 73) [0.9, 0.4894081451209195]
(4, 5, 7, 9, 21, 22, 24, 25, 27, 29, 30, 31, 32, 33, 42, 43, 44, 45, 46, 47, 50, 51, 53, 55, 57, 63, 64, 66, 72, 73) [0.9, 0.48940806925772923]
(4, 5, 7, 9, 21, 22, 24, 25, 27, 28, 29, 31, 32, 33, 42, 43, 44, 45, 46, 47, 50, 51, 53, 55, 57, 63, 64, 66, 72, 73) [0.9, 0.4893769241579477]
(4, 5, 7, 8, 9, 21, 22, 24, 27, 28, 29, 30, 31, 32, 33, 34, 42, 43, 44, 45, 46, 47, 50, 51, 53, 55, 57, 64, 72, 73) [0.9, 0.48936506052267176]
(4, 5, 7, 9, 21, 22, 24, 25, 27, 28, 29, 30, 31, 32, 33, 34, 42, 43, 44, 45, 46, 50, 51, 53, 55, 57, 63, 64, 66, 73) [0.9, 0.4892843585190647]
(4, 5, 7, 8, 9, 21, 22, 24, 25, 27, 28, 29, 30, 31, 32, 33, 42, 43, 44, 45, 46, 47, 50, 51, 53, 55, 57, 63, 64, 73) [0.9, 0.48926961495241433]
(4, 5, 7, 8, 9, 21, 22, 24, 27, 28, 29, 30, 31, 32, 33, 34, 42, 43, 44, 45, 46, 47, 51, 53, 55, 57, 63, 64, 72, 73) [0.9, 0.4892663579431267]
(4, 5, 7, 9, 21, 22, 24, 25, 27, 28, 29, 30, 31, 32, 33, 42, 43, 44, 45, 46, 47, 50, 53, 55, 57, 63, 64, 66, 72, 73) [0.9, 0.48913705146613573]
(4, 5, 7, 9, 10, 21, 22, 24, 27, 28, 29, 30, 31, 32, 33, 42, 43, 44, 45, 46, 47, 50, 51, 53, 55, 57, 63, 64, 72, 73) [0.9, 0.4891226977119534]
(4, 5, 7, 8, 9, 21, 22, 24, 27, 28, 30, 32, 33, 34, 42, 43, 44, 45, 46, 47, 50, 51, 53, 55, 57, 63, 64, 66, 72, 73) [0.9, 0.48908882206726484]
(4, 5, 7, 8, 9, 21, 22, 24, 27, 28, 30, 31, 32, 33, 34, 42, 43, 44, 45, 47, 50, 51, 53, 55, 57, 63, 64, 66, 72, 73) [0.9, 0.4890662865986996]
(4, 5, 7, 8, 9, 21, 22, 24, 27, 28, 30, 31, 32, 33, 34, 42, 43, 44, 45, 46, 47, 50, 51, 53, 55, 63, 64, 66, 72, 73) [0.9, 0.48905275930720055]
(4, 5, 7, 8, 9, 21, 22, 24, 27, 28, 30, 31, 32, 33, 34, 42, 44, 45, 46, 47, 50, 51, 53, 55, 57, 63, 64, 66, 72, 73) [0.9, 0.48903405583946785]
(4, 5, 7, 8, 9, 21, 22, 24, 27, 30, 31, 32, 33, 34, 42, 43, 44, 45, 46, 47, 50, 51, 53, 55, 57, 63, 64, 66, 72, 73) [0.9, 0.48901153268178327]
(4, 5, 7, 8, 9, 21, 22, 27, 28, 30, 31, 32, 33, 34, 42, 43, 44, 45, 46, 47, 50, 51, 53, 55, 57, 63, 64, 66, 72, 73) [0.9, 0.4889973352922225]
(4, 5, 7, 8, 9, 21, 22, 24, 27, 28, 31, 32, 33, 34, 42, 43, 44, 45, 46, 47, 50, 51, 53, 55, 57, 63, 64, 66, 72, 73) [0.9, 0.4889800317370108]
