(4, 5, 7, 9, 21, 22, 24, 25, 27, 28, 29, 30, 31, 32, 33, 34, 42, 43, 44, 45, 46, 47, 50, 51, 53, 55, 57, 63, 64, 66, 72, 73) [0.9, 0.482023561162392]
(4, 5, 7, 8, 9, 21, 22, 24, 27, 28, 29, 30, 31, 32, 33, 34, 42, 43, 44, 45, 46, 47, 50, 51, 53, 55, 57, 63, 64, 66, 72, 73) [0.9, 0.47769682692259235]
(4, 5, 7, 8, 9, 21, 22, 24, 25, 27, 28, 30, 31, 32, 33, 34, 42, 43, 44, 45, 46, 47, 50, 51, 53, 55, 57, 63, 64, 66, 72, 73) [0.9, 0.4771715283037756]
(4, 5, 7, 8, 9, 21, 22, 24, 25, 27, 28, 29, 30, 31, 32, 33, 34, 42, 43, 44, 45, 46, 47, 50, 51, 53, 55, 57, 63, 64, 72, 73) [0.9, 0.47542710717435427]
(4, 5, 7, 8, 9, 21, 22, 24, 25, 27, 28, 29, 30, 31, 32, 33, 42, 43, 44, 45, 46, 47, 50, 51, 53, 55, 57, 63, 64, 66, 72, 73) [0.9, 0.474091361800041]
(4, 5, 7, 9, 10, 21, 22, 24, 27, 28, 29, 30, 31, 32, 33, 34, 42, 43, 44, 45, 46, 47, 50, 51, 53, 55, 57, 63, 64, 66, 72, 73) [0.9, 0.4734662297054808]
(4, 5, 7, 8, 9, 21, 22, 24, 25, 27, 28, 29, 30, 31, 32, 33, 34, 42, 43, 44, 45, 46, 47, 50, 51, 53, 55, 57, 63, 64, 66, 73) [0.9, 0.47302067122889774]
(4, 5, 7, 9, 10, 21, 22, 24, 25, 27, 28, 30, 31, 32, 33, 34, 42, 43, 44, 45, 46, 47, 50, 51, 53, 55, 57, 63, 64, 66, 72, 73) [0.9, 0.4720019705380394]
(4, 5, 7, 9, 10, 21, 22, 24, 25, 27, 28, 29, 30, 31, 32, 33, 34, 42, 43, 44, 45, 46, 47, 50, 51, 53, 55, 57, 63, 64, 72, 73) [0.9, 0.4710134050870709]
(4, 5, 7, 9, 21, 22, 24, 25, 27, 28, 30, 31, 32, 33, 34, 42, 43, 44, 45, 46, 47, 50, 51, 53, 55, 57, 63, 64, 66, 71, 72, 73) [0.9, 0.47027564734117694]
(4, 5, 7, 9, 21, 22, 24, 27, 28, 29, 30, 31, 32, 33, 34, 42, 43, 44, 45, 46, 47, 50, 51, 53, 55, 57, 63, 64, 66, 71, 72, 73) [0.9, 0.4702539886830323]
(4, 5, 7, 8, 9, 21, 22, 24, 25, 27, 28, 29, 30, 31, 32, 33, 34, 42, 43, 44, 45, 46, 47, 51, 53, 55, 57, 63, 64, 66, 72, 73) [0.9, 0.47000319713094224]
(4, 5, 7, 9, 10, 21, 22, 24, 25, 27, 28, 29, 30, 31, 32, 33, 42, 43, 44, 45, 46, 47, 50, 51, 53, 55, 57, 63, 64, 66, 72, 73) [0.9, 0.46968801397707255]
(4, 5, 7, 8, 9, 21, 22, 24, 25, 27, 28, 29, 30, 31, 32, 33, 34, 42, 43, 44, 45, 46, 47, 50, 51, 53, 55, 57, 64, 66, 72, 73) [0.9, 0.46944404679164836]
(4, 5, 7, 9, 10, 21, 22, 24, 25, 27, 28, 29, 30, 31, 32, 33, 34, 42, 43, 44, 45, 46, 47, 50, 51, 53, 55, 57, 63, 64, 66, 73) [0.9, 0.4691468031456576]
(4, 5, 7, 8, 9, 21, 22, 24, 25, 27, 28, 29, 30, 31, 32, 33, 34, 43, 44, 45, 46, 47, 50, 51, 53, 55, 57, 63, 64, 66, 72, 73) [0.9, 0.4683689321672387]
(4, 5, 7, 9, 21, 22, 24, 25, 27, 28, 29, 30, 31, 32, 33, 34, 42, 43, 44, 45, 46, 47, 50, 51, 53, 55, 57, 63, 64, 71, 72, 73) [0.9, 0.46817295532654973]
(4, 5, 7, 8, 9, 10, 21, 22, 24, 27, 28, 30, 31, 32, 33, 34, 42, 43, 44, 45, 46, 47, 50, 51, 53, 55, 57, 63, 64, 66, 72, 73) [0.9, 0.4680605138152473]
(4, 5, 7, 8, 9, 21, 22, 24, 25, 27, 28, 29, 30, 31, 32, 33, 34, 42, 43, 44, 45, 46, 50, 51, 53, 55, 57, 63, 64, 66, 72, 73) [0.9, 0.4679953823833581]
(4, 5, 7, 9, 10, 21, 22, 24, 25, 27, 28, 29, 30, 31, 32, 33, 34, 42, 43, 44, 45, 46, 47, 51, 53, 55, 57, 63, 64, 66, 72, 73) [0.9, 0.46767184255266586]
(4, 5, 7, 8, 9, 21, 22, 24, 25, 27, 28, 29, 30, 31, 32, 33, 34, 42, 43, 44, 46, 47, 50, 51, 53, 55, 57, 63, 64, 66, 72, 73) [0.9, 0.4670868187850658]
(4, 5, 7, 8, 9, 10, 21, 22, 24, 27, 28, 29, 30, 31, 32, 33, 34, 42, 43, 44, 45, 46, 47, 50, 51, 53, 55, 57, 63, 64, 72, 73) [0.9, 0.4667597095139296]
(4, 5, 7, 8, 9, 21, 22, 24, 25, 27, 28, 29, 30, 32, 33, 34, 42, 43, 44, 45, 46, 47, 50, 51, 53, 55, 57, 63, 64, 66, 72, 73) [0.9, 0.4667440026436416]
(4, 5, 7, 8, 9, 21, 22, 24, 25, 27, 28, 29, 30, 31, 32, 33, 34, 42, 43, 44, 45, 47, 50, 51, 53, 55, 57, 63, 64, 66, 72, 73) [0.9, 0.466723934401146]
(4, 5, 7, 8, 9, 21, 22, 24, 25, 27, 28, 29, 30, 31, 32, 33, 34, 42, 43, 44, 45, 46, 47, 50, 51, 53, 55, 63, 64, 66, 72, 73) [0.9, 0.466711887693876]
(4, 5, 7, 8, 9, 21, 22, 24, 25, 27, 28, 29, 30, 31, 32, 33, 34, 42, 44, 45, 46, 47, 50, 51, 53, 55, 57, 63, 64, 66, 72, 73) [0.9, 0.4666952308450205]
(4, 5, 7, 8, 9, 21, 22, 24, 25, 27, 29, 30, 31, 32, 33, 34, 42, 43, 44, 45, 46, 47, 50, 51, 53, 55, 57, 63, 64, 66, 72, 73) [0.9, 0.46667517149364973]
(4, 5, 7, 8, 9, 21, 22, 25, 27, 28, 29, 30, 31, 32, 33, 34, 42, 43, 44, 45, 46, 47, 50, 51, 53, 55, 57, 63, 64, 66, 72, 73) [0.9, 0.46665948728576234]
(4, 5, 7, 8, 9, 21, 22, 24, 25, 27, 28, 29, 31, 32, 33, 34, 42, 43, 44, 45, 46, 47, 50, 51, 53, 55, 57, 63, 64, 66, 72, 73) [0.9, 0.4666471150027453]
(4, 5, 7, 9, 21, 22, 24, 27, 28, 29, 30, 31, 32, 33, 34, 42, 43, 44, 45, 46, 47, 50, 51, 53, 55, 57, 61, 63, 64, 66, 72, 73) [0.9, 0.46662619957576085]
(4, 5, 7, 9, 21, 22, 24, 25, 27, 28, 29, 30, 31, 32, 33, 42, 43, 44, 45, 46, 47, 50, 51, 53, 55, 57, 63, 64, 66, 71, 72, 73) [0.9, 0.46655182468825096]
(4, 5, 7, 8, 9, 21, 22, 24, 25, 27, 28, 29, 30, 31, 32, 33, 34, 42, 43, 44, 45, 46, 47, 50, 53, 55, 57, 63, 64, 66, 72, 73) [0.9, 0.4664413472634476]
(4, 5, 7, 8, 9, 21, 22, 24, 27, 28, 30, 31, 32, 33, 34, 42, 43, 44, 45, 46, 47, 50, 51, 53, 55, 57, 63, 64, 66, 71, 72, 73) [0.9, 0.4661305203840514]
(4, 5, 7, 8, 9, 21, 22, 24, 25, 27, 28, 29, 30, 31, 32, 33, 34, 42, 43, 45, 46, 47, 50, 51, 53, 55, 57, 63, 64, 66, 72, 73) [0.9, 0.46586771515582476]
(4, 5, 7, 9, 21, 22, 24, 25, 27, 28, 29, 30, 31, 32, 33, 34, 42, 43, 44, 45, 46, 47, 50, 51, 53, 55, 57, 63, 64, 66, 71, 73) [0.9, 0.46585389587070863]
(4, 5, 7, 9, 21, 22, 24, 25, 27, 28, 30, 31, 32, 33, 34, 42, 43, 44, 45, 46, 47, 50, 51, 53, 55, 57, 61, 63, 64, 66, 72, 73) [0.9, 0.46574997357172254]
(4, 5, 7, 8, 9, 10, 21, 22, 24, 27, 28, 29, 30, 31, 32, 33, 42, 43, 44, 45, 46, 47, 50, 51, 53, 55, 57, 63, 64, 66, 72, 73) [0.9, 0.46570807636675227]
(4, 5, 7, 9, 10, 21, 22, 24, 25, 27, 28, 29, 30, 31, 32, 33, 34, 43, 44, 45, 46, 47, 50, 51, 53, 55, 57, 63, 64, 66, 72, 73) [0.9, 0.4652141576585647]
(4, 5, 7, 8, 9, 10, 21, 22, 24, 27, 28, 29, 30, 31, 32, 33, 34, 42, 43, 44, 45, 46, 47, 50, 51, 53, 55, 57, 63, 64, 66, 73) [0.9, 0.46496506717503266]
(4, 5, 7, 8, 9, 10, 21, 22, 24, 25, 27, 28, 30, 31, 32, 33, 34, 42, 43, 44, 45, 46, 47, 50, 51, 53, 55, 57, 63, 64, 72, 73) [0.9, 0.4646219280216042]
(4, 5, 7, 9, 21, 22, 24, 25, 27, 28, 29, 30, 31, 32, 33, 34, 42, 43, 44, 45, 46, 47, 50, 51, 53, 55, 57, 61, 63, 64, 72, 73) [0.9, 0.46423892297394403]
(4, 5, 7, 9, 10, 21, 22, 24, 25, 27, 28, 29, 30, 31, 32, 33, 34, 42, 43, 44, 45, 46, 50, 51, 53, 55, 57, 63, 64, 66, 72, 73) [0.9, 0.4641719255359587]
(4, 5, 7, 8, 9, 21, 22, 24, 27, 28, 29, 30, 31, 32, 33, 34, 42, 43, 44, 45, 46, 47, 50, 51, 53, 55, 57, 63, 64, 71, 72, 73) [0.9, 0.4636658813695153]
(4, 5, 7, 8, 9, 10, 21, 22, 24, 25, 27, 28, 30, 31, 32, 33, 42, 43, 44, 45, 46, 47, 50, 51, 53, 55, 57, 63, 64, 66, 72, 73) [0.9, 0.46364553863676444]
(4, 5, 7, 9, 10, 21, 22, 24, 25, 27, 28, 29, 30, 31, 32, 33, 34, 42, 43, 44, 45, 46, 47, 50, 51, 53, 55, 57, 64, 66, 72, 73) [0.9, 0.463573545211722]
(4, 5, 7, 8, 9, 10, 21, 22, 24, 25, 27, 28, 30, 31, 32, 33, 34, 42, 43, 44, 45, 46, 47, 50, 51, 53, 55, 57, 63, 64, 66, 73) [0.9, 0.46355710878259027]
(4, 5, 7, 9, 10, 21, 22, 24, 25, 27, 28, 29, 30, 31, 32, 33, 34, 42, 43, 44, 46, 47, 50, 51, 53, 55, 57, 63, 64, 66, 72, 73) [0.9, 0.4633678712059129]
(4, 5, 7, 9, 21, 22, 24, 25, 27, 28, 29, 30, 31, 32, 33, 34, 42, 43, 44, 45, 46, 47, 51, 53, 55, 57, 63, 64, 66, 71, 72, 73) [0.9, 0.46299797861381614]
(4, 5, 7, 8, 9, 10, 21, 22, 24, 27, 28, 29, 30, 31, 32, 33, 34, 42, 43, 44, 45, 46, 47, 51, 53, 55, 57, 63, 64, 66, 72, 73) [0.9, 0.46299395639623553]
(4, 5, 7, 8, 9, 10, 21, 22, 24, 25, 27, 28, 29, 30, 31, 32, 33, 42, 43, 44, 45, 46, 47, 50, 51, 53, 55, 57, 63, 64, 72, 73) [0.9, 0.46296735430108454]
(4, 5, 7, 8, 9, 21, 22, 24, 25, 27, 28, 30, 31, 32, 33, 34, 42, 43, 44, 45, 46, 47, 50, 51, 53, 55, 57, 63, 64, 71, 72, 73) [0.9, 0.46291666248337965]
(4, 5, 7, 9, 10, 21, 22, 24, 25, 27, 28, 29, 30, 32, 33, 34, 42, 43, 44, 45, 46, 47, 50, 51, 53, 55, 57, 63, 64, 66, 72, 73) [0.9, 0.4627609178895223]
(4, 5, 7, 9, 10, 21, 22, 24, 25, 27, 28, 29, 30, 31, 32, 33, 34, 42, 43, 44, 45, 47, 50, 51, 53, 55, 57, 63, 64, 66, 72, 73) [0.9, 0.462738429431067]
(4, 5, 7, 9, 10, 21, 22, 24, 25, 27, 28, 29, 30, 31, 32, 33, 34, 42, 43, 44, 45, 46, 47, 50, 51, 53, 55, 63, 64, 66, 72, 73) [0.9, 0.4627249375378066]
(4, 5, 7, 9, 10, 21, 22, 24, 25, 27, 28, 29, 30, 31, 32, 33, 34, 42, 44, 45, 46, 47, 50, 51, 53, 55, 57, 63, 64, 66, 72, 73) [0.9, 0.4627062918406651]
(4, 5, 7, 9, 10, 21, 22, 24, 25, 27, 29, 30, 31, 32, 33, 34, 42, 43, 44, 45, 46, 47, 50, 51, 53, 55, 57, 63, 64, 66, 72, 73) [0.9, 0.4626838517803023]
(4, 5, 7, 9, 10, 21, 22, 25, 27, 28, 29, 30, 31, 32, 33, 34, 42, 43, 44, 45, 46, 47, 50, 51, 53, 55, 57, 63, 64, 66, 72, 73) [0.9, 0.4626815291070647]
(4, 5, 7, 9, 10, 21, 22, 24, 25, 27, 28, 29, 31, 32, 33, 34, 42, 43, 44, 45, 46, 47, 50, 51, 53, 55, 57, 63, 64, 66, 72, 73) [0.9, 0.4626524916851486]
(4, 5, 7, 8, 9, 10, 21, 22, 24, 25, 27, 28, 29, 30, 31, 32, 33, 34, 42, 43, 44, 45, 46, 47, 50, 51, 53, 55, 57, 63, 64, 73) [0.9, 0.462634469655306]
(4, 5, 7, 9, 21, 22, 24, 25, 27, 28, 29, 30, 31, 32, 33, 42, 43, 44, 45, 46, 47, 50, 51, 53, 55, 57, 61, 63, 64, 66, 72, 73) [0.9, 0.4625865915496321]
(4, 5, 7, 9, 10, 21, 22, 24, 27, 28, 30, 31, 32, 33, 34, 42, 43, 44, 45, 46, 47, 50, 51, 53, 55, 57, 63, 64, 66, 71, 72, 73) [0.9, 0.4625649001225837]
(4, 5, 7, 9, 10, 21, 22, 24, 25, 27, 28, 29, 30, 31, 32, 33, 34, 42, 43, 44, 45, 46, 47, 50, 53, 55, 57, 63, 64, 66, 72, 73) [0.9, 0.4624349790261113]
(4, 5, 7, 8, 9, 21, 22, 24, 27, 28, 29, 30, 31, 32, 33, 42, 43, 44, 45, 46, 47, 50, 51, 53, 55, 57, 63, 64, 66, 71, 72, 73) [0.9, 0.46233775669006993]
(4, 5, 7, 9, 21, 22, 24, 25, 27, 28, 29, 30, 31, 32, 33, 34, 42, 43, 44, 45, 46, 47, 50, 51, 53, 55, 57, 61, 63, 64, 66, 73) [0.9, 0.4621625234800731]
(4, 5, 7, 8, 9, 10, 21, 22, 24, 25, 27, 28, 30, 31, 32, 33, 34, 42, 43, 44, 45, 46, 47, 51, 53, 55, 57, 63, 64, 66, 72, 73) [0.9, 0.462077610808564]
(4, 5, 7, 9, 10, 21, 22, 24, 25, 27, 28, 29, 30, 31, 32, 33, 34, 42, 43, 45, 46, 47, 50, 51, 53, 55, 57, 63, 64, 66, 72, 73) [0.9, 0.4619645101251704]
(4, 5, 7, 9, 21, 22, 24, 25, 27, 28, 29, 30, 31, 32, 33, 34, 42, 43, 44, 45, 46, 47, 50, 51, 53, 55, 57, 64, 66, 71, 72, 73) [0.9, 0.46170395659196367]
(4, 5, 7, 8, 9, 21, 22, 24, 25, 27, 28, 30, 31, 32, 33, 42, 43, 44, 45, 46, 47, 50, 51, 53, 55, 57, 63, 64, 66, 71, 72, 73) [0.9, 0.4616603672022766]
(4, 5, 7, 8, 9, 10, 21, 22, 24, 25, 27, 28, 29, 30, 31, 32, 33, 42, 43, 44, 45, 46, 47, 50, 51, 53, 55, 57, 63, 64, 66, 73) [0.9, 0.46152383337753883]
(4, 5, 7, 8, 9, 21, 22, 24, 25, 27, 28, 30, 31, 32, 33, 34, 42, 43, 44, 45, 46, 47, 50, 51, 53, 55, 57, 63, 64, 66, 71, 73) [0.9, 0.461457904712894]
(4, 5, 7, 8, 9, 21, 22, 24, 27, 28, 29, 30, 31, 32, 33, 34, 42, 43, 44, 45, 46, 47, 50, 51, 53, 55, 57, 63, 64, 66, 71, 73) [0.9, 0.46143184081746846]
(4, 5, 7, 9, 21, 22, 24, 25, 27, 28, 29, 30, 31, 32, 33, 34, 43, 44, 45, 46, 47, 50, 51, 53, 55, 57, 63, 64, 66, 71, 72, 73) [0.9, 0.4613607107213477]
(4, 5, 7, 9, 10, 21, 22, 24, 27, 28, 29, 30, 31, 32, 33, 34, 42, 43, 44, 45, 46, 47, 50, 51, 53, 55, 57, 63, 64, 71, 72, 73) [0.9, 0.4609151276202956]
(4, 5, 7, 8, 9, 10, 21, 22, 24, 25, 27, 28, 29, 30, 31, 32, 33, 34, 42, 43, 44, 45, 46, 47, 51, 53, 55, 57, 63, 64, 72, 73) [0.9, 0.4609050858335791]
(4, 5, 7, 8, 9, 10, 21, 22, 24, 27, 28, 29, 30, 31, 32, 33, 34, 43, 44, 45, 46, 47, 50, 51, 53, 55, 57, 63, 64, 66, 72, 73) [0.9, 0.46080182710656503]
(4, 5, 7, 9, 21, 22, 24, 25, 27, 28, 29, 30, 31, 32, 33, 34, 42, 43, 44, 45, 46, 50, 51, 53, 55, 57, 63, 64, 66, 71, 72, 73) [0.9, 0.46077825831793495]
(4, 5, 7, 8, 9, 10, 21, 22, 24, 27, 28, 29, 30, 31, 32, 33, 34, 42, 43, 44, 45, 46, 47, 50, 51, 53, 55, 57, 64, 66, 72, 73) [0.9, 0.4601786926448342]
(4, 5, 7, 8, 9, 10, 21, 22, 24, 27, 28, 29, 30, 31, 32, 33, 34, 42, 43, 44, 45, 46, 50, 51, 53, 55, 57, 63, 64, 66, 72, 73) [0.9, 0.4599917841392413]
(4, 5, 7, 8, 9, 21, 22, 24, 25, 27, 28, 29, 30, 31, 32, 33, 42, 43, 44, 45, 46, 47, 50, 51, 53, 55, 57, 63, 64, 71, 72, 73) [0.9, 0.4599389753183944]
(4, 5, 7, 9, 21, 22, 24, 25, 27, 28, 29, 30, 31, 32, 33, 34, 42, 43, 44, 46, 47, 50, 51, 53, 55, 57, 63, 64, 66, 71, 72, 73) [0.9, 0.4598601898293113]
(4, 5, 7, 8, 9, 10, 21, 22, 24, 25, 27, 28, 29, 30, 31, 32, 33, 42, 43, 44, 45, 46, 47, 51, 53, 55, 57, 63, 64, 66, 72, 73) [0.9, 0.4597635873531865]
(4, 5, 7, 9, 10, 21, 22, 24, 27, 28, 29, 30, 31, 32, 33, 42, 43, 44, 45, 46, 47, 50, 51, 53, 55, 57, 63, 64, 66, 71, 72, 73) [0.9, 0.4595841180525168]
(4, 5, 7, 8, 9, 21, 22, 24, 25, 27, 28, 29, 30, 31, 32, 33, 34, 42, 43, 44, 45, 46, 47, 50, 51, 53, 55, 57, 63, 64, 71, 73) [0.9, 0.4594635562382403]
(4, 5, 7, 9, 10, 21, 22, 24, 27, 28, 30, 31, 32, 33, 34, 42, 43, 44, 45, 46, 47, 50, 51, 53, 55, 57, 61, 63, 64, 66, 72, 73) [0.9, 0.45944741688555063]
(4, 5, 7, 9, 21, 22, 24, 25, 27, 28, 29, 30, 32, 33, 34, 42, 43, 44, 45, 46, 47, 50, 51, 53, 55, 57, 63, 64, 66, 71, 72, 73) [0.9, 0.45943439438310046]
(4, 5, 7, 9, 21, 22, 24, 25, 27, 28, 29, 30, 31, 32, 33, 34, 42, 43, 44, 45, 47, 50, 51, 53, 55, 57, 63, 64, 66, 71, 72, 73) [0.9, 0.45941536666060623]
(4, 5, 7, 9, 21, 22, 24, 25, 27, 28, 29, 30, 31, 32, 33, 34, 42, 43, 44, 45, 46, 47, 50, 51, 53, 55, 63, 64, 66, 71, 72, 73) [0.9, 0.4594039429954619]
(4, 5, 7, 9, 21, 22, 24, 25, 27, 28, 29, 30, 31, 32, 33, 34, 42, 44, 45, 46, 47, 50, 51, 53, 55, 57, 63, 64, 66, 71, 72, 73) [0.9, 0.4593881456901758]
(4, 5, 7, 9, 21, 22, 24, 25, 27, 29, 30, 31, 32, 33, 34, 42, 43, 44, 45, 46, 47, 50, 51, 53, 55, 57, 63, 64, 66, 71, 72, 73) [0.9, 0.4593691185020736]
(4, 5, 7, 9, 21, 22, 24, 25, 27, 28, 29, 30, 31, 32, 33, 34, 42, 43, 44, 45, 46, 47, 51, 53, 55, 57, 61, 63, 64, 66, 72, 73) [0.9, 0.45936497059229625]
(4, 5, 7, 9, 21, 22, 25, 27, 28, 29, 30, 31, 32, 33, 34, 42, 43, 44, 45, 46, 47, 50, 51, 53, 55, 57, 63, 64, 66, 71, 72, 73) [0.9, 0.45934951599112744]
(4, 5, 7, 9, 21, 22, 24, 25, 27, 28, 29, 31, 32, 33, 34, 42, 43, 44, 45, 46, 47, 50, 51, 53, 55, 57, 63, 64, 66, 71, 72, 73) [0.9, 0.45934250027794715]
(4, 5, 7, 8, 9, 10, 21, 22, 24, 25, 27, 28, 29, 30, 31, 32, 33, 34, 42, 43, 44, 45, 46, 47, 51, 53, 55, 57, 63, 64, 66, 73) [0.9, 0.45932080924579183]
(4, 5, 7, 9, 10, 21, 22, 24, 25, 27, 28, 30, 31, 32, 33, 34, 42, 43, 44, 45, 46, 47, 50, 51, 53, 55, 57, 63, 64, 71, 72, 73) [0.9, 0.4593043830923107]
(4, 5, 7, 8, 9, 21, 22, 24, 27, 28, 30, 31, 32, 33, 34, 42, 43, 44, 45, 46, 47, 50, 51, 53, 55, 57, 61, 63, 64, 66, 72, 73) [0.9, 0.4592290348677475]
(4, 5, 7, 8, 9, 10, 21, 22, 24, 27, 28, 29, 30, 31, 32, 33, 34, 42, 43, 44, 46, 47, 50, 51, 53, 55, 57, 63, 64, 66, 72, 73) [0.9, 0.4592125813511292]
(4, 5, 7, 9, 10, 21, 22, 24, 27, 28, 29, 30, 31, 32, 33, 34, 42, 43, 44, 45, 46, 47, 50, 51, 53, 55, 57, 63, 64, 66, 71, 73) [0.9, 0.45916239165598255]
(4, 5, 7, 8, 9, 10, 21, 22, 24, 25, 27, 28, 30, 31, 32, 33, 34, 43, 44, 45, 46, 47, 50, 51, 53, 55, 57, 63, 64, 66, 72, 73) [0.9, 0.45915006420706367]
(4, 5, 7, 9, 21, 22, 24, 25, 27, 28, 29, 30, 31, 32, 33, 34, 42, 43, 44, 45, 46, 47, 50, 53, 55, 57, 63, 64, 66, 71, 72, 73) [0.9, 0.4591340550581912]
(4, 5, 7, 8, 9, 10, 21, 22, 24, 27, 28, 29, 30, 32, 33, 34, 42, 43, 44, 45, 46, 47, 50, 51, 53, 55, 57, 63, 64, 66, 72, 73) [0.9, 0.4587343494318448]
