(1, 2, 4, 5, 7, 8, 9, 18, 21, 22, 24, 25, 27, 28, 29, 30, 31, 32, 33, 34, 40, 42, 43, 44, 45, 46, 47, 49, 50, 51, 53, 55, 56, 57, 63, 64, 66, 71, 72, 73) [0.9, 0.6209756009051227]
(1, 2, 4, 5, 7, 8, 9, 18, 21, 22, 24, 25, 27, 28, 29, 30, 31, 32, 33, 34, 42, 43, 44, 45, 46, 47, 49, 50, 51, 52, 53, 55, 56, 57, 63, 64, 66, 71, 72, 73) [0.9, 0.5933876273560325]
(1, 2, 4, 5, 7, 8, 9, 10, 18, 21, 22, 24, 25, 27, 28, 29, 30, 31, 32, 33, 34, 42, 43, 44, 45, 46, 47, 49, 50, 51, 53, 55, 56, 57, 63, 64, 66, 71, 72, 73) [0.9, 0.5773501509227853]
(1, 2, 4, 5, 7, 8, 9, 10, 21, 22, 24, 25, 27, 28, 29, 30, 31, 32, 33, 34, 42, 43, 44, 45, 46, 47, 49, 50, 51, 53, 55, 56, 57, 63, 64, 66, 69, 71, 72, 73) [0.9, 0.5753057721198487]
(1, 2, 4, 5, 7, 8, 9, 10, 18, 21, 22, 24, 27, 28, 29, 30, 31, 32, 33, 34, 42, 43, 44, 45, 46, 47, 49, 50, 51, 53, 55, 56, 57, 61, 63, 64, 66, 71, 72, 73) [0.9, 0.5610002180228177]
(1, 2, 4, 5, 7, 8, 9, 21, 22, 24, 25, 27, 28, 29, 30, 31, 32, 33, 34, 42, 43, 44, 45, 46, 47, 49, 50, 51, 53, 55, 56, 57, 61, 63, 64, 66, 69, 71, 72, 73) [0.9, 0.554449068382354]
(1, 2, 4, 5, 7, 8, 9, 18, 21, 22, 24, 25, 27, 28, 29, 30, 31, 32, 33, 34, 42, 43, 44, 45, 46, 47, 49, 50, 51, 53, 55, 56, 57, 61, 63, 64, 66, 71, 72, 73) [0.9, 0.5426063159512429]
(1, 2, 4, 5, 7, 8, 9, 10, 17, 21, 22, 24, 25, 27, 28, 29, 30, 31, 32, 33, 34, 42, 43, 44, 45, 46, 47, 49, 50, 51, 53, 55, 57, 63, 64, 66, 69, 71, 72, 73) [0.9, 0.5264615667875091]
(1, 2, 4, 5, 7, 8, 9, 17, 21, 22, 24, 25, 27, 28, 29, 30, 31, 32, 33, 34, 42, 43, 44, 45, 46, 47, 49, 50, 51, 53, 55, 57, 61, 63, 64, 66, 69, 71, 72, 73) [0.9, 0.5243164703591788]
(1, 2, 4, 5, 7, 8, 9, 18, 21, 22, 24, 25, 27, 28, 29, 30, 31, 32, 33, 34, 35, 42, 43, 44, 45, 46, 47, 49, 50, 51, 53, 55, 56, 57, 63, 64, 66, 71, 72, 73) [0.9, 0.46730473933373123]
(1, 2, 4, 5, 7, 8, 9, 18, 21, 22, 24, 25, 27, 28, 29, 30, 31, 32, 33, 34, 42, 43, 44, 45, 46, 47, 49, 50, 51, 53, 55, 56, 57, 63, 64, 66, 69, 71, 72, 73) [0.9, 0.4395863993603603]
(1, 2, 4, 5, 7, 8, 9, 10, 15, 21, 22, 24, 25, 27, 28, 29, 30, 31, 32, 33, 34, 42, 43, 44, 45, 46, 47, 49, 50, 51, 53, 55, 57, 63, 64, 66, 69, 71, 72, 73) [0.9, 0.4287008419110669]
(1, 2, 4, 5, 7, 8, 9, 15, 21, 22, 24, 25, 27, 28, 29, 30, 31, 32, 33, 34, 42, 43, 44, 45, 46, 47, 49, 50, 51, 53, 55, 57, 61, 63, 64, 66, 69, 71, 72, 73) [0.9, 0.4151379027220001]
(2, 4, 5, 7, 8, 9, 10, 18, 21, 22, 24, 25, 27, 28, 29, 30, 31, 32, 33, 34, 40, 42, 43, 44, 45, 46, 47, 49, 50, 51, 53, 55, 57, 63, 64, 66, 68, 71, 72, 73) [0.9, 0.3669119266281226]
(2, 4, 5, 7, 8, 9, 10, 18, 21, 22, 24, 25, 27, 28, 29, 30, 31, 32, 33, 34, 40, 42, 43, 44, 45, 46, 47, 49, 50, 51, 53, 55, 57, 63, 64, 66, 67, 71, 72, 73) [0.9, 0.3641315352348686]
(2, 4, 5, 7, 8, 9, 18, 21, 22, 24, 25, 27, 28, 29, 30, 31, 32, 33, 34, 40, 42, 43, 44, 45, 46, 47, 49, 50, 51, 53, 55, 57, 61, 63, 64, 66, 68, 71, 72, 73) [0.9, 0.36051714760961157]
(2, 4, 5, 7, 8, 9, 10, 18, 21, 22, 24, 27, 28, 29, 30, 31, 32, 33, 34, 40, 42, 43, 44, 45, 46, 47, 49, 50, 51, 53, 55, 57, 61, 63, 64, 66, 68, 71, 72, 73) [0.9, 0.35970035389780836]
(2, 4, 5, 7, 8, 9, 10, 18, 21, 22, 24, 27, 28, 29, 30, 31, 32, 33, 34, 40, 42, 43, 44, 45, 46, 47, 49, 50, 51, 53, 55, 57, 61, 63, 64, 66, 67, 71, 72, 73) [0.9, 0.355481064084542]
(2, 4, 5, 7, 8, 9, 18, 21, 22, 24, 25, 27, 28, 29, 30, 31, 32, 33, 34, 40, 42, 43, 44, 45, 46, 47, 49, 50, 51, 53, 55, 56, 57, 61, 63, 64, 66, 71, 72, 73) [0.9, 0.34482082912815876]
(2, 4, 5, 7, 8, 9, 10, 18, 21, 22, 24, 27, 28, 29, 30, 31, 32, 33, 34, 40, 42, 43, 44, 45, 46, 47, 49, 50, 51, 53, 55, 56, 57, 61, 63, 64, 66, 71, 72, 73) [0.9, 0.3439098368791962]
(2, 4, 5, 7, 8, 9, 18, 21, 22, 24, 25, 27, 28, 29, 30, 31, 32, 33, 34, 35, 40, 42, 43, 44, 45, 46, 47, 49, 50, 51, 53, 55, 56, 57, 63, 64, 66, 71, 72, 73) [0.9, 0.33895440632896534]
(2, 4, 5, 7, 8, 9, 10, 18, 21, 22, 24, 25, 26, 27, 28, 29, 30, 31, 32, 33, 34, 42, 43, 44, 45, 46, 47, 49, 50, 51, 53, 55, 57, 61, 63, 64, 66, 71, 72, 73) [0.9, 0.3373948024040754]
(4, 5, 7, 8, 9, 10, 18, 21, 22, 24, 25, 26, 27, 28, 29, 30, 31, 32, 33, 34, 35, 39, 42, 43, 44, 45, 46, 47, 50, 51, 53, 55, 57, 63, 64, 66, 69, 71, 72, 73) [0.9, 0.3313378527672343]
(4, 5, 7, 8, 9, 10, 18, 21, 22, 24, 25, 26, 27, 28, 29, 30, 31, 32, 33, 34, 35, 39, 42, 43, 44, 45, 46, 47, 50, 51, 53, 55, 57, 61, 63, 64, 66, 69, 72, 73) [0.9, 0.3231334598555306]
(4, 5, 7, 9, 10, 18, 21, 22, 24, 25, 26, 27, 28, 29, 30, 31, 32, 33, 34, 35, 39, 42, 43, 44, 45, 46, 47, 50, 51, 53, 55, 57, 61, 63, 64, 66, 69, 71, 72, 73) [0.9, 0.3210151114704695]
(2, 4, 5, 7, 8, 9, 18, 21, 22, 24, 25, 27, 28, 29, 30, 31, 32, 33, 34, 40, 42, 43, 44, 45, 46, 47, 49, 50, 51, 53, 55, 57, 63, 64, 66, 68, 69, 71, 72, 73) [0.9, 0.3208415395100001]
(2, 4, 5, 7, 8, 9, 10, 18, 21, 22, 24, 25, 26, 27, 28, 29, 30, 31, 32, 33, 34, 42, 43, 44, 45, 46, 47, 49, 50, 51, 53, 55, 57, 63, 64, 66, 69, 71, 72, 73) [0.9, 0.3189400965236686]
(2, 4, 5, 7, 8, 9, 18, 21, 22, 24, 25, 27, 28, 29, 30, 31, 32, 33, 34, 40, 42, 43, 44, 45, 46, 47, 49, 50, 51, 53, 55, 57, 63, 64, 66, 67, 69, 71, 72, 73) [0.9, 0.3183287163534931]
(4, 5, 7, 8, 9, 10, 18, 21, 22, 24, 25, 26, 27, 28, 29, 30, 31, 32, 33, 34, 35, 39, 42, 43, 44, 45, 46, 47, 50, 51, 53, 55, 57, 61, 63, 64, 69, 71, 72, 73) [0.9, 0.31298082069689986]
(4, 5, 7, 8, 9, 10, 18, 21, 22, 24, 25, 26, 27, 28, 29, 30, 31, 32, 33, 34, 35, 39, 42, 43, 44, 45, 46, 50, 51, 53, 55, 57, 61, 63, 64, 66, 69, 71, 72, 73) [0.9, 0.31216965152974024]
(4, 5, 7, 8, 9, 10, 18, 21, 22, 24, 25, 26, 27, 28, 29, 30, 31, 32, 33, 34, 35, 39, 42, 43, 44, 45, 46, 47, 51, 53, 55, 57, 61, 63, 64, 66, 69, 71, 72, 73) [0.9, 0.3120837610634238]
(4, 5, 7, 8, 9, 10, 18, 21, 22, 24, 26, 27, 28, 29, 30, 31, 32, 33, 34, 35, 39, 42, 43, 44, 45, 46, 47, 50, 51, 53, 55, 57, 61, 63, 64, 66, 69, 71, 72, 73) [0.9, 0.3120458257017178]
(2, 4, 5, 7, 8, 9, 18, 21, 22, 24, 25, 26, 27, 28, 29, 30, 31, 32, 33, 34, 40, 42, 43, 44, 45, 46, 47, 49, 50, 51, 53, 55, 56, 57, 63, 64, 66, 71, 72, 73) [0.9, 0.3022995031115467]
(2, 4, 5, 7, 8, 9, 10, 18, 21, 22, 24, 25, 26, 27, 28, 29, 30, 31, 32, 33, 34, 35, 42, 43, 44, 45, 46, 47, 49, 50, 51, 53, 55, 57, 63, 64, 66, 71, 72, 73) [0.9, 0.29880659639377755]
(4, 5, 7, 8, 9, 10, 18, 20, 21, 22, 24, 25, 27, 28, 29, 30, 31, 32, 33, 34, 35, 39, 42, 43, 44, 45, 46, 47, 50, 51, 53, 55, 57, 61, 63, 64, 66, 69, 72, 73) [0.9, 0.2963084323971168]
(1, 2, 4, 5, 7, 8, 9, 18, 21, 22, 24, 25, 27, 28, 29, 30, 31, 32, 33, 34, 42, 43, 44, 45, 46, 47, 48, 49, 50, 51, 53, 55, 56, 57, 63, 64, 66, 71, 72, 73) [0.9, 0.29499821478352]
(2, 4, 5, 7, 8, 9, 10, 18, 21, 22, 24, 26, 27, 28, 29, 30, 31, 32, 33, 34, 42, 43, 44, 45, 46, 47, 49, 50, 51, 53, 55, 57, 61, 63, 64, 66, 69, 71, 72, 73) [0.9, 0.29363828389264723]
(2, 4, 5, 7, 8, 9, 18, 21, 22, 24, 25, 26, 27, 28, 29, 30, 31, 32, 33, 34, 42, 43, 44, 45, 46, 47, 49, 50, 51, 53, 55, 57, 61, 63, 64, 66, 69, 71, 72, 73) [0.9, 0.29079605449357676]
(4, 5, 7, 8, 9, 10, 18, 20, 21, 22, 24, 25, 27, 28, 29, 30, 31, 32, 33, 34, 35, 39, 42, 43, 44, 45, 46, 50, 51, 53, 55, 57, 61, 63, 64, 66, 69, 71, 72, 73) [0.9, 0.28514480727285313]
(2, 4, 5, 7, 8, 9, 10, 18, 21, 22, 24, 25, 27, 28, 29, 30, 31, 32, 33, 34, 42, 43, 44, 45, 46, 47, 49, 50, 51, 53, 55, 57, 61, 63, 64, 66, 69, 71, 72, 73) [0.9, 0.28504935264537695]
(4, 5, 7, 8, 9, 10, 18, 20, 21, 22, 24, 25, 27, 28, 29, 30, 31, 32, 33, 34, 35, 39, 42, 43, 44, 45, 46, 47, 51, 53, 55, 57, 61, 63, 64, 66, 69, 71, 72, 73) [0.9, 0.2833696812472563]
(1, 2, 4, 5, 7, 8, 9, 18, 21, 22, 24, 25, 27, 28, 29, 30, 31, 32, 33, 34, 36, 42, 43, 44, 45, 46, 47, 49, 50, 51, 53, 55, 56, 57, 63, 64, 66, 71, 72, 73) [0.9, 0.28313701939517627]
(1, 2, 4, 5, 7, 8, 9, 10, 21, 22, 24, 25, 27, 28, 29, 30, 31, 32, 33, 34, 40, 42, 43, 44, 45, 46, 47, 49, 50, 51, 53, 55, 57, 63, 64, 66, 69, 71, 72, 73) [0.9, 0.2825929183210789]
(4, 5, 7, 8, 9, 10, 18, 21, 22, 24, 25, 27, 28, 29, 30, 31, 32, 33, 34, 39, 42, 43, 44, 45, 46, 47, 49, 50, 51, 53, 55, 57, 61, 63, 64, 66, 70, 71, 72, 73) [0.9, 0.28221254120941586]
(2, 4, 5, 7, 8, 9, 10, 18, 21, 22, 24, 26, 27, 28, 29, 30, 31, 32, 33, 34, 35, 42, 43, 44, 45, 46, 47, 49, 50, 51, 53, 55, 57, 61, 63, 64, 66, 71, 72, 73) [0.9, 0.2778015518263341]
(2, 4, 5, 7, 8, 9, 10, 18, 21, 22, 24, 25, 26, 27, 28, 29, 30, 31, 32, 33, 34, 42, 43, 44, 45, 46, 47, 49, 50, 51, 53, 55, 57, 63, 64, 66, 70, 71, 72, 73) [0.9, 0.2774290387759734]
(2, 4, 5, 7, 8, 9, 18, 21, 22, 24, 25, 26, 27, 28, 29, 30, 31, 32, 33, 34, 35, 42, 43, 44, 45, 46, 47, 49, 50, 51, 53, 55, 57, 61, 63, 64, 66, 71, 72, 73) [0.9, 0.27339546382482505]
(4, 5, 7, 8, 9, 10, 18, 20, 21, 22, 24, 25, 27, 28, 29, 30, 31, 32, 33, 34, 35, 39, 42, 43, 44, 45, 46, 47, 50, 51, 53, 55, 57, 61, 63, 64, 69, 71, 72, 73) [0.9, 0.27329105572615897]
(4, 5, 7, 8, 9, 10, 18, 21, 22, 24, 27, 28, 29, 30, 31, 32, 33, 34, 35, 39, 42, 43, 44, 45, 46, 47, 49, 50, 51, 53, 55, 57, 61, 63, 64, 66, 69, 71, 72, 73) [0.9, 0.27285927452269243]
(1, 2, 4, 5, 7, 8, 9, 21, 22, 24, 25, 27, 28, 29, 30, 31, 32, 33, 34, 40, 42, 43, 44, 45, 46, 47, 49, 50, 51, 53, 55, 57, 61, 63, 64, 66, 69, 71, 72, 73) [0.9, 0.2709209922221682]
(4, 5, 7, 8, 9, 10, 18, 21, 22, 24, 25, 27, 28, 29, 30, 31, 32, 33, 34, 35, 39, 42, 43, 44, 45, 46, 47, 49, 50, 51, 53, 55, 57, 63, 64, 66, 69, 71, 72, 73) [0.9, 0.2696724962559536]
(4, 5, 7, 9, 10, 18, 20, 21, 22, 24, 25, 27, 28, 29, 30, 31, 32, 33, 34, 35, 39, 42, 43, 44, 45, 46, 47, 50, 51, 53, 55, 57, 61, 63, 64, 66, 69, 71, 72, 73) [0.9, 0.2688077768378985]
(4, 5, 7, 8, 9, 10, 18, 20, 21, 22, 24, 27, 28, 29, 30, 31, 32, 33, 34, 35, 39, 42, 43, 44, 45, 46, 47, 50, 51, 53, 55, 57, 61, 63, 64, 66, 69, 71, 72, 73) [0.9, 0.2687518423552917]
(4, 5, 7, 8, 9, 10, 18, 21, 22, 24, 25, 27, 28, 29, 30, 31, 32, 33, 34, 35, 39, 42, 43, 44, 45, 46, 47, 49, 50, 51, 53, 55, 57, 61, 63, 64, 69, 71, 72, 73) [0.9, 0.26871145933336654]
(4, 5, 7, 8, 9, 10, 18, 21, 22, 24, 25, 27, 28, 29, 30, 31, 32, 33, 34, 35, 39, 42, 43, 44, 45, 46, 47, 49, 51, 53, 55, 57, 61, 63, 64, 66, 69, 71, 72, 73) [0.9, 0.2649126274003024]
(2, 4, 5, 7, 8, 9, 10, 18, 21, 22, 24, 25, 27, 28, 29, 30, 31, 32, 33, 34, 42, 43, 44, 45, 46, 47, 49, 50, 51, 53, 55, 57, 61, 63, 64, 66, 70, 71, 72, 73) [0.9, 0.2644010923455497]
(2, 4, 5, 7, 8, 9, 10, 18, 21, 22, 24, 25, 27, 28, 29, 30, 31, 32, 33, 34, 42, 43, 44, 45, 46, 47, 49, 50, 51, 52, 53, 55, 57, 61, 63, 64, 66, 71, 72, 73) [0.9, 0.2634629622671873]
(4, 5, 7, 8, 9, 10, 18, 21, 22, 24, 25, 27, 28, 29, 30, 31, 32, 33, 34, 35, 39, 42, 43, 44, 45, 46, 47, 50, 51, 52, 53, 55, 57, 63, 64, 66, 69, 71, 72, 73) [0.9, 0.26239448686918854]
(4, 5, 7, 8, 9, 10, 18, 21, 22, 24, 25, 27, 28, 29, 30, 31, 32, 33, 34, 35, 39, 42, 43, 44, 45, 46, 47, 49, 50, 51, 53, 55, 57, 61, 63, 64, 66, 69, 72, 73) [0.9, 0.261989913728]
(4, 5, 7, 8, 9, 10, 18, 21, 22, 24, 25, 27, 28, 29, 30, 31, 32, 33, 34, 35, 39, 42, 43, 44, 45, 46, 49, 50, 51, 53, 55, 57, 61, 63, 64, 66, 69, 71, 72, 73) [0.9, 0.26195946352599375]
(4, 5, 7, 9, 10, 18, 21, 22, 24, 25, 27, 28, 29, 30, 31, 32, 33, 34, 35, 39, 42, 43, 44, 45, 46, 47, 49, 50, 51, 53, 55, 57, 61, 63, 64, 66, 69, 71, 72, 73) [0.9, 0.25963964434817144]
(2, 4, 5, 7, 8, 9, 18, 21, 22, 24, 25, 26, 27, 28, 29, 30, 31, 32, 33, 34, 35, 42, 43, 44, 45, 46, 47, 49, 50, 51, 53, 55, 57, 63, 64, 66, 69, 71, 72, 73) [0.9, 0.25866034711975416]
(2, 4, 5, 7, 8, 9, 10, 21, 22, 24, 27, 28, 29, 30, 31, 32, 33, 34, 35, 40, 42, 43, 44, 45, 46, 47, 49, 50, 51, 53, 55, 57, 61, 63, 64, 66, 69, 71, 72, 73) [0.9, 0.2582978469995976]
(4, 5, 7, 8, 9, 10, 18, 20, 21, 22, 24, 25, 27, 28, 29, 30, 31, 32, 33, 34, 35, 39, 42, 43, 44, 45, 46, 47, 50, 51, 53, 55, 57, 63, 64, 66, 69, 71, 72, 73) [0.9, 0.2577594067477117]
(4, 5, 7, 8, 9, 10, 18, 21, 22, 24, 25, 27, 28, 29, 30, 31, 32, 33, 34, 35, 39, 42, 43, 44, 45, 46, 47, 50, 51, 53, 55, 57, 61, 63, 64, 66, 69, 71, 72, 73) [0.9, 0.25629675338551855]
(2, 4, 5, 7, 8, 9, 10, 18, 21, 22, 24, 25, 27, 28, 29, 30, 31, 32, 33, 34, 42, 43, 44, 45, 46, 47, 49, 50, 51, 52, 53, 55, 57, 63, 64, 66, 69, 71, 72, 73) [0.9, 0.2543273269430926]
(2, 4, 5, 7, 8, 9, 10, 18, 21, 22, 24, 25, 27, 28, 29, 30, 31, 32, 33, 34, 42, 43, 44, 45, 46, 47, 49, 50, 51, 53, 55, 57, 63, 64, 66, 69, 70, 71, 72, 73) [0.9, 0.2502054270120904]
(1, 2, 4, 5, 7, 8, 9, 18, 21, 22, 24, 25, 27, 28, 29, 30, 31, 32, 33, 34, 42, 43, 44, 45, 46, 47, 49, 50, 51, 53, 55, 56, 57, 63, 64, 66, 70, 71, 72, 73) [0.9, 0.24970449044875068]
(2, 4, 5, 7, 8, 9, 10, 18, 21, 22, 24, 26, 27, 28, 29, 30, 31, 32, 33, 34, 42, 43, 44, 45, 46, 47, 49, 50, 51, 53, 55, 57, 61, 63, 64, 66, 70, 71, 72, 73) [0.9, 0.24958381430472462]
(2, 4, 5, 7, 8, 9, 10, 18, 21, 22, 24, 25, 27, 28, 29, 30, 31, 32, 33, 34, 42, 43, 44, 45, 46, 47, 49, 50, 51, 53, 55, 56, 57, 61, 63, 64, 66, 71, 72, 73) [0.9, 0.2475381304785315]
(2, 4, 5, 7, 8, 9, 10, 18, 21, 22, 24, 25, 27, 28, 29, 30, 31, 32, 33, 34, 35, 42, 43, 44, 45, 46, 47, 49, 50, 51, 53, 55, 57, 61, 63, 64, 66, 71, 72, 73) [0.9, 0.24558813574647656]
(2, 4, 5, 7, 8, 9, 10, 18, 21, 22, 24, 25, 27, 28, 29, 30, 31, 32, 33, 34, 42, 43, 44, 45, 46, 47, 49, 50, 51, 53, 55, 56, 57, 63, 64, 66, 69, 71, 72, 73) [0.9, 0.24365365754597215]
(2, 4, 5, 7, 8, 9, 18, 21, 22, 24, 25, 26, 27, 28, 29, 30, 31, 32, 33, 34, 42, 43, 44, 45, 46, 47, 49, 50, 51, 53, 55, 57, 61, 63, 64, 66, 70, 71, 72, 73) [0.9, 0.24098842679863516]
(4, 5, 7, 8, 9, 10, 18, 21, 22, 24, 25, 27, 28, 29, 30, 31, 32, 33, 34, 35, 39, 42, 43, 44, 45, 46, 47, 50, 51, 52, 53, 55, 57, 61, 63, 64, 66, 69, 72, 73) [0.9, 0.2401749249306013]
(4, 5, 7, 8, 9, 10, 18, 21, 22, 24, 27, 28, 29, 30, 31, 32, 33, 34, 35, 39, 42, 43, 44, 45, 46, 47, 50, 51, 52, 53, 55, 57, 61, 63, 64, 66, 69, 71, 72, 73) [0.9, 0.23979616911580556]
(2, 4, 5, 7, 8, 9, 10, 18, 21, 22, 24, 27, 28, 29, 30, 31, 32, 33, 34, 42, 43, 44, 45, 46, 47, 49, 50, 51, 52, 53, 55, 57, 61, 63, 64, 66, 69, 71, 72, 73) [0.9, 0.23728350540757845]
(4, 5, 7, 9, 10, 18, 21, 22, 24, 25, 27, 28, 29, 30, 31, 32, 33, 34, 35, 39, 42, 43, 44, 45, 46, 47, 50, 51, 52, 53, 55, 57, 61, 63, 64, 66, 69, 71, 72, 73) [0.9, 0.23669081134419964]
(2, 4, 5, 7, 8, 9, 10, 18, 21, 22, 24, 25, 27, 28, 29, 30, 31, 32, 33, 34, 35, 42, 43, 44, 45, 46, 47, 49, 50, 51, 52, 53, 55, 57, 63, 64, 66, 71, 72, 73) [0.9, 0.2344257725370329]
(2, 4, 5, 7, 8, 9, 10, 18, 21, 22, 24, 25, 26, 27, 28, 29, 30, 31, 32, 33, 34, 42, 43, 44, 45, 46, 47, 49, 50, 51, 52, 53, 55, 57, 63, 64, 66, 71, 72, 73) [0.9, 0.2343818537137838]
(2, 4, 5, 7, 8, 9, 10, 18, 21, 22, 24, 27, 28, 29, 30, 31, 32, 33, 34, 42, 43, 44, 45, 46, 47, 49, 50, 51, 53, 55, 57, 61, 63, 64, 66, 69, 70, 71, 72, 73) [0.9, 0.23372149352722968]
(2, 4, 5, 7, 8, 9, 10, 18, 21, 22, 24, 25, 27, 28, 29, 30, 31, 32, 33, 34, 35, 42, 43, 44, 45, 46, 47, 49, 50, 51, 53, 55, 57, 63, 64, 66, 69, 71, 72, 73) [0.9, 0.23283138300975628]
(2, 4, 5, 7, 8, 9, 10, 18, 21, 22, 24, 25, 27, 28, 29, 30, 31, 32, 33, 34, 35, 42, 43, 44, 45, 46, 47, 49, 50, 51, 53, 55, 57, 63, 64, 66, 70, 71, 72, 73) [0.9, 0.23264095476711155]
(4, 5, 7, 8, 9, 10, 18, 21, 22, 24, 25, 27, 28, 29, 30, 31, 32, 33, 34, 35, 39, 42, 43, 44, 45, 46, 47, 51, 52, 53, 55, 57, 61, 63, 64, 66, 69, 71, 72, 73) [0.9, 0.23257225592122946]
(4, 5, 7, 8, 9, 10, 18, 21, 22, 24, 25, 27, 28, 29, 30, 31, 32, 33, 34, 35, 39, 42, 43, 44, 45, 46, 50, 51, 52, 53, 55, 57, 61, 63, 64, 66, 69, 71, 72, 73) [0.9, 0.23239733609327703]
(4, 5, 7, 8, 9, 10, 18, 21, 22, 24, 25, 27, 28, 29, 30, 31, 32, 33, 34, 35, 39, 42, 43, 44, 45, 46, 47, 50, 51, 52, 53, 55, 57, 61, 63, 64, 69, 71, 72, 73) [0.9, 0.23125837127278379]
(2, 4, 5, 7, 8, 9, 18, 21, 22, 24, 25, 27, 28, 29, 30, 31, 32, 33, 34, 42, 43, 44, 45, 46, 47, 49, 50, 51, 52, 53, 55, 57, 61, 63, 64, 66, 69, 71, 72, 73) [0.9, 0.23022448233989942]
(2, 4, 5, 7, 8, 9, 18, 21, 22, 24, 25, 26, 27, 28, 29, 30, 31, 32, 33, 34, 42, 43, 44, 45, 46, 47, 49, 50, 51, 53, 55, 57, 63, 64, 66, 69, 70, 71, 72, 73) [0.9, 0.23003773598527888]
(2, 4, 5, 7, 8, 9, 10, 18, 21, 22, 24, 27, 28, 29, 30, 31, 32, 33, 34, 35, 42, 43, 44, 45, 46, 47, 49, 50, 51, 53, 55, 57, 61, 63, 64, 66, 69, 71, 72, 73) [0.9, 0.229239824423072]
(2, 4, 5, 7, 8, 9, 10, 18, 21, 22, 24, 27, 28, 29, 30, 31, 32, 33, 34, 42, 43, 44, 45, 46, 47, 49, 50, 51, 53, 55, 56, 57, 61, 63, 64, 66, 69, 71, 72, 73) [0.9, 0.22532748054329668]
(2, 4, 5, 7, 8, 9, 18, 21, 22, 24, 25, 27, 28, 29, 30, 31, 32, 33, 34, 42, 43, 44, 45, 46, 47, 49, 50, 51, 53, 55, 57, 61, 63, 64, 66, 69, 70, 71, 72, 73) [0.9, 0.22471877215121086]
(2, 4, 5, 7, 8, 9, 18, 21, 22, 24, 25, 27, 28, 29, 30, 31, 32, 33, 34, 35, 42, 43, 44, 45, 46, 47, 49, 50, 51, 53, 55, 57, 61, 63, 64, 66, 69, 71, 72, 73) [0.9, 0.2243781998791106]
(2, 4, 5, 7, 8, 9, 10, 18, 21, 22, 24, 25, 26, 27, 28, 29, 30, 31, 32, 33, 34, 42, 43, 44, 45, 46, 47, 49, 50, 51, 53, 55, 56, 57, 63, 64, 66, 71, 72, 73) [0.9, 0.22368092506443046]
(2, 4, 5, 7, 8, 9, 18, 21, 22, 24, 25, 27, 28, 29, 30, 31, 32, 33, 34, 42, 43, 44, 45, 46, 47, 49, 50, 51, 53, 55, 56, 57, 61, 63, 64, 66, 69, 71, 72, 73) [0.9, 0.2219744979405801]
(2, 4, 5, 7, 8, 9, 10, 18, 21, 22, 24, 27, 28, 29, 30, 31, 32, 33, 34, 35, 42, 43, 44, 45, 46, 47, 49, 50, 51, 52, 53, 55, 57, 61, 63, 64, 66, 71, 72, 73) [0.9, 0.21744387662699763]
(2, 4, 5, 7, 8, 9, 10, 18, 21, 22, 24, 25, 27, 28, 29, 30, 31, 32, 33, 34, 35, 42, 43, 44, 45, 46, 47, 49, 50, 51, 53, 55, 56, 57, 63, 64, 66, 71, 72, 73) [0.9, 0.21687085161342598]
(2, 4, 5, 7, 8, 9, 10, 18, 21, 22, 24, 27, 28, 29, 30, 31, 32, 33, 34, 35, 42, 43, 44, 45, 46, 47, 49, 50, 51, 53, 55, 57, 61, 63, 64, 66, 70, 71, 72, 73) [0.9, 0.2162984858084757]
(2, 4, 5, 7, 8, 9, 18, 21, 22, 24, 25, 26, 27, 28, 29, 30, 31, 32, 33, 34, 35, 42, 43, 44, 45, 46, 47, 49, 50, 51, 53, 55, 57, 63, 64, 66, 70, 71, 72, 73) [0.9, 0.21526318159060065]
(2, 4, 5, 7, 8, 9, 10, 18, 21, 22, 24, 25, 27, 28, 29, 30, 31, 32, 33, 34, 42, 43, 44, 45, 46, 47, 49, 50, 51, 52, 53, 55, 56, 57, 63, 64, 66, 71, 72, 73) [0.9, 0.21245657521698125]
(4, 5, 7, 8, 9, 10, 21, 22, 24, 25, 27, 28, 29, 30, 31, 32, 33, 34, 35, 39, 42, 43, 44, 45, 46, 47, 50, 51, 53, 55, 57, 61, 63, 64, 66, 69, 70, 71, 72, 73) [0.9, 0.2123885284123673]
(2, 4, 5, 7, 8, 9, 18, 21, 22, 24, 25, 26, 27, 28, 29, 30, 31, 32, 33, 34, 42, 43, 44, 45, 46, 47, 49, 50, 51, 52, 53, 55, 57, 63, 64, 66, 69, 71, 72, 73) [0.9, 0.21218442542544727]
