(38, 53, 118, 159, 162, 171, 172, 177, 178, 179, 182) : [1.0, 4.0564819207303384e+32],
(38, 53, 118, 159, 162, 171, 172, 177, 178, 179, 183) : [1.0, 4.0564819207303384e+32],
(38, 53, 118, 159, 162, 171, 172, 177, 178, 179, 184) : [1.0, 4.0564819207303384e+32],
(38, 53, 118, 159, 162, 171, 172, 177, 178, 179, 195) : [1.0, 4.0564819207303384e+32],
(38, 53, 118, 159, 162, 171, 172, 177, 178, 182, 183) : [1.0, 4.0564819207303384e+32],
(38, 53, 118, 159, 162, 171, 172, 177, 178, 182, 184) : [1.0, 4.0564819207303384e+32],
(38, 53, 118, 159, 162, 171, 172, 177, 178, 182, 195) : [1.0, 4.0564819207303384e+32],
(38, 53, 118, 159, 162, 171, 172, 177, 178, 183, 184) : [1.0, 4.0564819207303384e+32],
(38, 53, 118, 159, 162, 171, 172, 177, 178, 183, 195) : [1.0, 4.0564819207303384e+32],
(38, 53, 118, 159, 162, 171, 172, 177, 178, 184, 195) : [1.0, 4.0564819207303384e+32],
(38, 53, 118, 159, 162, 171, 172, 177, 179, 182, 183) : [1.0, 4.0564819207303384e+32],
(38, 53, 118, 159, 162, 171, 172, 177, 179, 182, 184) : [1.0, 4.0564819207303384e+32],
(38, 53, 118, 159, 162, 171, 172, 177, 179, 182, 195) : [1.0, 4.0564819207303384e+32],
(38, 53, 118, 159, 162, 171, 172, 177, 179, 183, 184) : [1.0, 4.0564819207303384e+32],
(38, 53, 118, 159, 162, 171, 172, 177, 179, 183, 195) : [1.0, 4.0564819207303384e+32],
(38, 53, 118, 159, 162, 171, 172, 177, 179, 184, 195) : [1.0, 4.0564819207303384e+32],
(38, 53, 118, 159, 162, 171, 172, 177, 182, 183, 184) : [1.0, 4.0564819207303384e+32],
(38, 53, 118, 159, 162, 171, 172, 177, 182, 183, 195) : [1.0, 4.0564819207303384e+32],
(38, 53, 118, 159, 162, 171, 172, 177, 182, 184, 195) : [1.0, 4.0564819207303384e+32],
(38, 53, 118, 159, 162, 171, 172, 177, 183, 184, 195) : [1.0, 4.0564819207303384e+32],
(38, 53, 118, 159, 162, 171, 172, 178, 179, 182, 183) : [1.0, 4.0564819207303384e+32],
(38, 53, 118, 159, 162, 171, 172, 178, 179, 182, 184) : [1.0, 4.0564819207303384e+32],
(38, 53, 118, 159, 162, 171, 172, 178, 179, 182, 195) : [1.0, 4.0564819207303384e+32],
(38, 53, 118, 159, 162, 171, 172, 178, 179, 183, 184) : [1.0, 4.0564819207303384e+32],
(38, 53, 118, 159, 162, 171, 172, 178, 179, 183, 195) : [1.0, 4.0564819207303384e+32],
(38, 53, 118, 159, 162, 171, 172, 178, 179, 184, 195) : [1.0, 4.0564819207303384e+32],
(38, 53, 118, 159, 162, 171, 172, 178, 182, 183, 184) : [1.0, 4.0564819207303384e+32],
(38, 53, 118, 159, 162, 171, 172, 178, 182, 183, 195) : [1.0, 4.0564819207303384e+32],
(38, 53, 118, 159, 162, 171, 172, 178, 182, 184, 195) : [1.0, 4.0564819207303384e+32],
(38, 53, 118, 159, 162, 171, 172, 178, 183, 184, 195) : [1.0, 4.0564819207303384e+32],
(38, 53, 118, 159, 162, 171, 172, 179, 182, 183, 184) : [1.0, 4.0564819207303384e+32],
(38, 53, 118, 159, 162, 171, 172, 179, 182, 183, 195) : [1.0, 4.0564819207303384e+32],
(38, 53, 118, 159, 162, 171, 172, 179, 182, 184, 195) : [1.0, 4.0564819207303384e+32],
(38, 53, 118, 159, 162, 171, 172, 179, 183, 184, 195) : [1.0, 4.0564819207303384e+32],
(38, 53, 118, 159, 162, 171, 172, 182, 183, 184, 195) : [1.0, 4.0564819207303384e+32],
(38, 53, 118, 159, 162, 171, 177, 178, 179, 182, 183) : [1.0, 4.0564819207303384e+32],
(38, 53, 118, 159, 162, 171, 177, 178, 179, 182, 184) : [1.0, 4.0564819207303384e+32],
(38, 53, 118, 159, 162, 171, 177, 178, 179, 182, 195) : [1.0, 4.0564819207303384e+32],
(38, 53, 118, 159, 162, 171, 177, 178, 179, 183, 184) : [1.0, 4.0564819207303384e+32],
(38, 53, 118, 159, 162, 171, 177, 178, 179, 183, 195) : [1.0, 4.0564819207303384e+32],
(38, 53, 118, 159, 162, 171, 177, 178, 179, 184, 195) : [1.0, 4.0564819207303384e+32],
(38, 53, 118, 159, 162, 171, 177, 178, 182, 183, 184) : [1.0, 4.0564819207303384e+32],
(38, 53, 118, 159, 162, 171, 177, 178, 182, 183, 195) : [1.0, 4.0564819207303384e+32],
(38, 53, 118, 159, 162, 171, 177, 178, 182, 184, 195) : [1.0, 4.0564819207303384e+32],
(38, 53, 118, 159, 162, 171, 177, 178, 183, 184, 195) : [1.0, 4.0564819207303384e+32],
(38, 53, 118, 159, 162, 171, 177, 179, 182, 183, 184) : [1.0, 4.0564819207303384e+32],
(38, 53, 118, 159, 162, 171, 177, 179, 182, 183, 195) : [1.0, 4.0564819207303384e+32],
(38, 53, 118, 159, 162, 171, 177, 179, 182, 184, 195) : [1.0, 4.0564819207303384e+32],
(38, 53, 118, 159, 162, 171, 177, 179, 183, 184, 195) : [1.0, 4.0564819207303384e+32],
(38, 53, 118, 159, 162, 171, 177, 182, 183, 184, 195) : [1.0, 4.0564819207303384e+32],
(38, 53, 118, 159, 162, 171, 178, 179, 182, 183, 184) : [1.0, 4.0564819207303384e+32],
(38, 53, 118, 159, 162, 171, 178, 179, 182, 183, 195) : [1.0, 4.0564819207303384e+32],
(38, 53, 118, 159, 162, 171, 178, 179, 182, 184, 195) : [1.0, 4.0564819207303384e+32],
(38, 53, 118, 159, 162, 171, 178, 179, 183, 184, 195) : [1.0, 4.0564819207303384e+32],
(38, 53, 118, 159, 162, 171, 178, 182, 183, 184, 195) : [1.0, 4.0564819207303384e+32],
(38, 53, 118, 159, 162, 171, 179, 182, 183, 184, 195) : [1.0, 4.0564819207303384e+32],
(38, 53, 118, 159, 162, 172, 177, 178, 179, 182, 183) : [1.0, 4.0564819207303384e+32],
(38, 53, 118, 159, 162, 172, 177, 178, 179, 182, 184) : [1.0, 4.0564819207303384e+32],
(38, 53, 118, 159, 162, 172, 177, 178, 179, 182, 195) : [1.0, 4.0564819207303384e+32],
(38, 53, 118, 159, 162, 172, 177, 178, 179, 183, 184) : [1.0, 4.0564819207303384e+32],
(38, 53, 118, 159, 162, 172, 177, 178, 179, 183, 195) : [1.0, 4.0564819207303384e+32],
(38, 53, 118, 159, 162, 172, 177, 178, 179, 184, 195) : [1.0, 4.0564819207303384e+32],
(38, 53, 118, 159, 162, 172, 177, 178, 182, 183, 184) : [1.0, 4.0564819207303384e+32],
(38, 53, 118, 159, 162, 172, 177, 178, 182, 183, 195) : [1.0, 4.0564819207303384e+32],
(38, 53, 118, 159, 162, 172, 177, 178, 182, 184, 195) : [1.0, 4.0564819207303384e+32],
(38, 53, 118, 159, 162, 172, 177, 178, 183, 184, 195) : [1.0, 4.0564819207303384e+32],
(38, 53, 118, 159, 162, 172, 177, 179, 182, 183, 184) : [1.0, 4.0564819207303384e+32],
(38, 53, 118, 159, 162, 172, 177, 179, 182, 183, 195) : [1.0, 4.0564819207303384e+32],
(38, 53, 118, 159, 162, 172, 177, 179, 182, 184, 195) : [1.0, 4.0564819207303384e+32],
(38, 53, 118, 159, 162, 172, 177, 179, 183, 184, 195) : [1.0, 4.0564819207303384e+32],
(38, 53, 118, 159, 162, 172, 177, 182, 183, 184, 195) : [1.0, 4.0564819207303384e+32],
(38, 53, 118, 159, 162, 172, 178, 179, 182, 183, 184) : [1.0, 4.0564819207303384e+32],
(38, 53, 118, 159, 162, 172, 178, 179, 182, 183, 195) : [1.0, 4.0564819207303384e+32],
(38, 53, 118, 159, 162, 172, 178, 179, 182, 184, 195) : [1.0, 4.0564819207303384e+32],
(38, 53, 118, 159, 162, 172, 178, 179, 183, 184, 195) : [1.0, 4.0564819207303384e+32],
(38, 53, 118, 159, 162, 172, 178, 182, 183, 184, 195) : [1.0, 4.0564819207303384e+32],
(38, 53, 118, 159, 162, 172, 179, 182, 183, 184, 195) : [1.0, 4.0564819207303384e+32],
(38, 53, 118, 159, 162, 177, 178, 179, 182, 183, 184) : [1.0, 4.0564819207303384e+32],
(38, 53, 118, 159, 162, 177, 178, 179, 182, 183, 195) : [1.0, 4.0564819207303384e+32],
(38, 53, 118, 159, 162, 177, 178, 179, 182, 184, 195) : [1.0, 4.0564819207303384e+32],
(38, 53, 118, 159, 162, 177, 178, 179, 183, 184, 195) : [1.0, 4.0564819207303384e+32],
(38, 53, 118, 159, 162, 177, 178, 182, 183, 184, 195) : [1.0, 4.0564819207303384e+32],
(38, 53, 118, 159, 162, 177, 179, 182, 183, 184, 195) : [1.0, 4.0564819207303384e+32],
(38, 53, 118, 159, 162, 178, 179, 182, 183, 184, 195) : [1.0, 4.0564819207303384e+32],
(38, 53, 118, 159, 171, 172, 177, 178, 179, 182, 183) : [1.0, 4.0564819207303384e+32],
(38, 53, 118, 159, 171, 172, 177, 178, 179, 182, 184) : [1.0, 4.0564819207303384e+32],
(38, 53, 118, 159, 171, 172, 177, 178, 179, 182, 195) : [1.0, 4.0564819207303384e+32],
(38, 53, 118, 159, 171, 172, 177, 178, 179, 183, 184) : [1.0, 4.0564819207303384e+32],
(38, 53, 118, 159, 171, 172, 177, 178, 179, 183, 195) : [1.0, 4.0564819207303384e+32],
(38, 53, 118, 159, 171, 172, 177, 178, 179, 184, 195) : [1.0, 4.0564819207303384e+32],
(38, 53, 118, 159, 171, 172, 177, 178, 182, 183, 184) : [1.0, 4.0564819207303384e+32],
(38, 53, 118, 159, 171, 172, 177, 178, 182, 183, 195) : [1.0, 4.0564819207303384e+32],
(38, 53, 118, 159, 171, 172, 177, 178, 182, 184, 195) : [1.0, 4.0564819207303384e+32],
(38, 53, 118, 159, 171, 172, 177, 178, 183, 184, 195) : [1.0, 4.0564819207303384e+32],
(38, 53, 118, 159, 171, 172, 177, 179, 182, 183, 184) : [1.0, 4.0564819207303384e+32],
(38, 53, 118, 159, 171, 172, 177, 179, 182, 183, 195) : [1.0, 4.0564819207303384e+32],
(38, 53, 118, 159, 171, 172, 177, 179, 182, 184, 195) : [1.0, 4.0564819207303384e+32],
(38, 53, 118, 159, 171, 172, 177, 179, 183, 184, 195) : [1.0, 4.0564819207303384e+32],
(38, 53, 118, 159, 171, 172, 177, 182, 183, 184, 195) : [1.0, 4.0564819207303384e+32],
(38, 53, 118, 159, 171, 172, 178, 179, 182, 183, 184) : [1.0, 4.0564819207303384e+32],
(38, 53, 118, 159, 171, 172, 178, 179, 182, 183, 195) : [1.0, 4.0564819207303384e+32],
(38, 53, 118, 159, 171, 172, 178, 179, 182, 184, 195) : [1.0, 4.0564819207303384e+32],
(38, 53, 118, 159, 171, 172, 178, 179, 183, 184, 195) : [1.0, 4.0564819207303384e+32],
(38, 53, 118, 159, 171, 172, 178, 182, 183, 184, 195) : [1.0, 4.0564819207303384e+32],
(38, 53, 118, 159, 171, 172, 179, 182, 183, 184, 195) : [1.0, 4.0564819207303384e+32],
(38, 53, 118, 159, 171, 177, 178, 179, 182, 183, 184) : [1.0, 4.0564819207303384e+32],
(38, 53, 118, 159, 171, 177, 178, 179, 182, 183, 195) : [1.0, 4.0564819207303384e+32],
(38, 53, 118, 159, 171, 177, 178, 179, 182, 184, 195) : [1.0, 4.0564819207303384e+32],
(38, 53, 118, 159, 171, 177, 178, 179, 183, 184, 195) : [1.0, 4.0564819207303384e+32],
(38, 53, 118, 159, 171, 177, 178, 182, 183, 184, 195) : [1.0, 4.0564819207303384e+32],
(38, 53, 118, 159, 171, 177, 179, 182, 183, 184, 195) : [1.0, 4.0564819207303384e+32],
(38, 53, 118, 159, 171, 178, 179, 182, 183, 184, 195) : [1.0, 4.0564819207303384e+32],
(38, 53, 118, 159, 172, 177, 178, 179, 182, 183, 184) : [1.0, 4.0564819207303384e+32],
(38, 53, 118, 159, 172, 177, 178, 179, 182, 183, 195) : [1.0, 4.0564819207303384e+32],
(38, 53, 118, 159, 172, 177, 178, 179, 182, 184, 195) : [1.0, 4.0564819207303384e+32],
(38, 53, 118, 159, 172, 177, 178, 179, 183, 184, 195) : [1.0, 4.0564819207303384e+32],
(3, 38, 53, 118, 159, 162, 171, 172, 177, 178, 179) : [1.0, 1.3521606402434439e+32],
(22, 38, 53, 118, 159, 162, 171, 172, 177, 178, 179) : [1.0, 1.3521606402434439e+32],
(3, 38, 53, 118, 159, 162, 171, 172, 177, 178, 182) : [1.0, 1.3521606402434439e+32],
(22, 38, 53, 118, 159, 162, 171, 172, 177, 178, 182) : [1.0, 1.3521606402434439e+32],
(3, 38, 53, 118, 159, 162, 171, 172, 177, 178, 183) : [1.0, 1.3521606402434439e+32],
(22, 38, 53, 118, 159, 162, 171, 172, 177, 178, 183) : [1.0, 1.3521606402434439e+32],
(3, 38, 53, 118, 159, 162, 171, 172, 177, 178, 184) : [1.0, 1.3521606402434439e+32],
(22, 38, 53, 118, 159, 162, 171, 172, 177, 178, 184) : [1.0, 1.3521606402434439e+32],
(3, 38, 53, 118, 159, 162, 171, 172, 177, 178, 195) : [1.0, 1.3521606402434439e+32],
(22, 38, 53, 118, 159, 162, 171, 172, 177, 178, 195) : [1.0, 1.3521606402434439e+32],
(3, 38, 53, 118, 159, 162, 171, 172, 177, 179, 182) : [1.0, 1.3521606402434439e+32],
(22, 38, 53, 118, 159, 162, 171, 172, 177, 179, 182) : [1.0, 1.3521606402434439e+32],
(3, 38, 53, 118, 159, 162, 171, 172, 177, 179, 183) : [1.0, 1.3521606402434439e+32],
(22, 38, 53, 118, 159, 162, 171, 172, 177, 179, 183) : [1.0, 1.3521606402434439e+32],
(3, 38, 53, 118, 159, 162, 171, 172, 177, 179, 184) : [1.0, 1.3521606402434439e+32],
(22, 38, 53, 118, 159, 162, 171, 172, 177, 179, 184) : [1.0, 1.3521606402434439e+32],
(3, 38, 53, 118, 159, 162, 171, 172, 177, 179, 195) : [1.0, 1.3521606402434439e+32],
(22, 38, 53, 118, 159, 162, 171, 172, 177, 179, 195) : [1.0, 1.3521606402434439e+32],
(3, 38, 53, 118, 159, 162, 171, 172, 177, 182, 183) : [1.0, 1.3521606402434439e+32],
(22, 38, 53, 118, 159, 162, 171, 172, 177, 182, 183) : [1.0, 1.3521606402434439e+32],
(3, 38, 53, 118, 159, 162, 171, 172, 177, 182, 184) : [1.0, 1.3521606402434439e+32],
(22, 38, 53, 118, 159, 162, 171, 172, 177, 182, 184) : [1.0, 1.3521606402434439e+32],
(3, 38, 53, 118, 159, 162, 171, 172, 177, 182, 195) : [1.0, 1.3521606402434439e+32],
(22, 38, 53, 118, 159, 162, 171, 172, 177, 182, 195) : [1.0, 1.3521606402434439e+32],
(3, 38, 53, 118, 159, 162, 171, 172, 177, 183, 184) : [1.0, 1.3521606402434439e+32],
(22, 38, 53, 118, 159, 162, 171, 172, 177, 183, 184) : [1.0, 1.3521606402434439e+32],
(3, 38, 53, 118, 159, 162, 171, 172, 177, 183, 195) : [1.0, 1.3521606402434439e+32],
(22, 38, 53, 118, 159, 162, 171, 172, 177, 183, 195) : [1.0, 1.3521606402434439e+32],
(3, 38, 53, 118, 159, 162, 171, 172, 177, 184, 195) : [1.0, 1.3521606402434439e+32],
(22, 38, 53, 118, 159, 162, 171, 172, 177, 184, 195) : [1.0, 1.3521606402434439e+32],
(3, 38, 53, 118, 159, 162, 171, 172, 178, 179, 182) : [1.0, 1.3521606402434439e+32],
(22, 38, 53, 118, 159, 162, 171, 172, 178, 179, 182) : [1.0, 1.3521606402434439e+32],
(3, 38, 53, 118, 159, 162, 171, 172, 178, 179, 183) : [1.0, 1.3521606402434439e+32],
(22, 38, 53, 118, 159, 162, 171, 172, 178, 179, 183) : [1.0, 1.3521606402434439e+32],
(3, 38, 53, 118, 159, 162, 171, 172, 178, 179, 184) : [1.0, 1.3521606402434439e+32],
(22, 38, 53, 118, 159, 162, 171, 172, 178, 179, 184) : [1.0, 1.3521606402434439e+32],
(3, 38, 53, 118, 159, 162, 171, 172, 178, 179, 195) : [1.0, 1.3521606402434439e+32],
(22, 38, 53, 118, 159, 162, 171, 172, 178, 179, 195) : [1.0, 1.3521606402434439e+32],
(3, 38, 53, 118, 159, 162, 171, 172, 178, 182, 183) : [1.0, 1.3521606402434439e+32],
(22, 38, 53, 118, 159, 162, 171, 172, 178, 182, 183) : [1.0, 1.3521606402434439e+32],
(3, 38, 53, 118, 159, 162, 171, 172, 178, 182, 184) : [1.0, 1.3521606402434439e+32],
(22, 38, 53, 118, 159, 162, 171, 172, 178, 182, 184) : [1.0, 1.3521606402434439e+32],
(3, 38, 53, 118, 159, 162, 171, 172, 178, 182, 195) : [1.0, 1.3521606402434439e+32],
(22, 38, 53, 118, 159, 162, 171, 172, 178, 182, 195) : [1.0, 1.3521606402434439e+32],
(3, 38, 53, 118, 159, 162, 171, 172, 178, 183, 184) : [1.0, 1.3521606402434439e+32],
(22, 38, 53, 118, 159, 162, 171, 172, 178, 183, 184) : [1.0, 1.3521606402434439e+32],
(3, 38, 53, 118, 159, 162, 171, 172, 178, 183, 195) : [1.0, 1.3521606402434439e+32],
(22, 38, 53, 118, 159, 162, 171, 172, 178, 183, 195) : [1.0, 1.3521606402434439e+32],
(3, 38, 53, 118, 159, 162, 171, 172, 178, 184, 195) : [1.0, 1.3521606402434439e+32],
(22, 38, 53, 118, 159, 162, 171, 172, 178, 184, 195) : [1.0, 1.3521606402434439e+32],
(3, 38, 53, 118, 159, 162, 171, 172, 179, 182, 183) : [1.0, 1.3521606402434439e+32],
(22, 38, 53, 118, 159, 162, 171, 172, 179, 182, 183) : [1.0, 1.3521606402434439e+32],
(3, 38, 53, 118, 159, 162, 171, 172, 179, 182, 184) : [1.0, 1.3521606402434439e+32],
(22, 38, 53, 118, 159, 162, 171, 172, 179, 182, 184) : [1.0, 1.3521606402434439e+32],
(3, 38, 53, 118, 159, 162, 171, 172, 179, 182, 195) : [1.0, 1.3521606402434439e+32],
(22, 38, 53, 118, 159, 162, 171, 172, 179, 182, 195) : [1.0, 1.3521606402434439e+32],
(3, 38, 53, 118, 159, 162, 171, 172, 179, 183, 184) : [1.0, 1.3521606402434439e+32],
(22, 38, 53, 118, 159, 162, 171, 172, 179, 183, 184) : [1.0, 1.3521606402434439e+32],
(3, 38, 53, 118, 159, 162, 171, 172, 179, 183, 195) : [1.0, 1.3521606402434439e+32],
(22, 38, 53, 118, 159, 162, 171, 172, 179, 183, 195) : [1.0, 1.3521606402434439e+32],
(3, 38, 53, 118, 159, 162, 171, 172, 179, 184, 195) : [1.0, 1.3521606402434439e+32],
(22, 38, 53, 118, 159, 162, 171, 172, 179, 184, 195) : [1.0, 1.3521606402434439e+32],
(3, 38, 53, 118, 159, 162, 171, 172, 182, 183, 184) : [1.0, 1.3521606402434439e+32],
(22, 38, 53, 118, 159, 162, 171, 172, 182, 183, 184) : [1.0, 1.3521606402434439e+32],
(3, 38, 53, 118, 159, 162, 171, 172, 182, 183, 195) : [1.0, 1.3521606402434439e+32],
(22, 38, 53, 118, 159, 162, 171, 172, 182, 183, 195) : [1.0, 1.3521606402434439e+32],
(3, 38, 53, 118, 159, 162, 171, 172, 182, 184, 195) : [1.0, 1.3521606402434439e+32],
(22, 38, 53, 118, 159, 162, 171, 172, 182, 184, 195) : [1.0, 1.3521606402434439e+32],
(3, 38, 53, 118, 159, 162, 171, 172, 183, 184, 195) : [1.0, 1.3521606402434439e+32],
(22, 38, 53, 118, 159, 162, 171, 172, 183, 184, 195) : [1.0, 1.3521606402434439e+32],
(3, 38, 53, 118, 159, 162, 171, 177, 178, 179, 182) : [1.0, 1.3521606402434439e+32],
(22, 38, 53, 118, 159, 162, 171, 177, 178, 179, 182) : [1.0, 1.3521606402434439e+32],
(3, 38, 53, 118, 159, 162, 171, 177, 178, 179, 183) : [1.0, 1.3521606402434439e+32],
(22, 38, 53, 118, 159, 162, 171, 177, 178, 179, 183) : [1.0, 1.3521606402434439e+32],
(3, 38, 53, 118, 159, 162, 171, 177, 178, 179, 184) : [1.0, 1.3521606402434439e+32],
(22, 38, 53, 118, 159, 162, 171, 177, 178, 179, 184) : [1.0, 1.3521606402434439e+32],
(3, 38, 53, 118, 159, 162, 171, 177, 178, 179, 195) : [1.0, 1.3521606402434439e+32],
(22, 38, 53, 118, 159, 162, 171, 177, 178, 179, 195) : [1.0, 1.3521606402434439e+32],
(3, 38, 53, 118, 159, 162, 171, 177, 178, 182, 183) : [1.0, 1.3521606402434439e+32],
(22, 38, 53, 118, 159, 162, 171, 177, 178, 182, 183) : [1.0, 1.3521606402434439e+32],
(3, 38, 53, 118, 159, 162, 171, 177, 178, 182, 184) : [1.0, 1.3521606402434439e+32],
(22, 38, 53, 118, 159, 162, 171, 177, 178, 182, 184) : [1.0, 1.3521606402434439e+32],
(3, 38, 53, 118, 159, 162, 171, 177, 178, 182, 195) : [1.0, 1.3521606402434439e+32],
(22, 38, 53, 118, 159, 162, 171, 177, 178, 182, 195) : [1.0, 1.3521606402434439e+32],
