(38, 53) : [1.0, 4.0564819207303355e+32],
(47, 53) : [1.0, 4.0564819207303355e+32],
(53, 59) : [1.0, 4.0564819207303355e+32],
(53, 156) : [1.0, 4.0564819207303355e+32],
(113, 138) : [1.0, 4.0564819207303355e+32],
(113, 161) : [1.0, 4.0564819207303355e+32],
(113, 167) : [1.0, 4.0564819207303355e+32],
(95, 112) : [1.0, 1.3521606402434444e+32],
(95, 181) : [1.0, 1.3521606402434444e+32],
(143, 181) : [1.0, 1.3521606402434444e+32],
(170, 181) : [1.0, 1.3521606402434444e+32],
(80, 95) : [1.0, 5.174084082564188e+29],
(80, 143) : [1.0, 5.174084082564188e+29],
(80, 170) : [1.0, 5.174084082564188e+29],
(80, 190) : [1.0, 5.174084082564188e+29],
(112, 143) : [1.0, 5.174084082564188e+29],
(112, 170) : [1.0, 5.174084082564188e+29],
(112, 190) : [1.0, 5.174084082564188e+29],
(181, 190) : [1.0, 5.174084082564188e+29],
(91, 175) : [1.0, 1235732.9473164873],
(76, 89) : [1.0, 325101.9515740869],
(102, 119) : [1.0, 250495.54111788125],
(2, 119) : [1.0, 115885.90339715678],
(1, 2) : [1.0, 38871.76245679683],
(150, 188) : [1.0, 23264.396214129694],
(173, 188) : [1.0, 22757.814205408875],
(2, 173) : [1.0, 22224.133786148373],
(91, 169) : [1.0, 13879.495252193024],
(142, 188) : [1.0, 10937.656034867734],
(105, 127) : [1.0, 10682.356333620954],
(14, 67) : [1.0, 10496.941669845948],
(14, 91) : [1.0, 10261.737025677194],
(31, 35) : [1.0, 10251.650569137055],
(65, 102) : [1.0, 9812.187767836807],
(0, 2) : [1.0, 9351.895999034368],
(35, 188) : [1.0, 8116.428203439811],
(114, 188) : [1.0, 7795.089971302612],
(27, 120) : [1.0, 7560.130251262258],
(31, 46) : [1.0, 7345.778669080002],
(163, 188) : [1.0, 6329.3879069846325],
(78, 91) : [1.0, 6267.661897998382],
(92, 188) : [1.0, 6143.672577614132],
(31, 193) : [1.0, 5904.807118401333],
(46, 188) : [1.0, 5816.282860827045],
(53, 188) : [1.0, 5791.060672893157],
(31, 74) : [1.0, 5617.250112801853],
(145, 188) : [1.0, 5305.773550058532],
(40, 188) : [1.0, 5274.585392665579],
(188, 193) : [1.0, 4675.628785775076],
(2, 94) : [1.0, 4646.931792890556],
(74, 188) : [1.0, 4447.996838025141],
(128, 188) : [1.0, 4146.495444128739],
(2, 75) : [1.0, 4112.118998862895],
(99, 188) : [1.0, 4078.366231201766],
(169, 175) : [1.0, 4064.9098745672886],
(102, 191) : [1.0, 4023.293125077423],
(58, 188) : [1.0, 3976.64559331401],
(19, 194) : [1.0, 3427.8904967135377],
(132, 188) : [1.0, 3416.391749885013],
(141, 188) : [1.0, 3130.9464879456164],
(41, 127) : [1.0, 3030.7400214160834],
(131, 188) : [1.0, 3001.7211709333496],
(152, 188) : [1.0, 2958.5186700855015],
(98, 188) : [1.0, 2899.821170187402],
(35, 194) : [1.0, 2685.471560238445],
(125, 188) : [1.0, 2612.1337139791185],
(73, 127) : [1.0, 2610.5734488238922],
(75, 188) : [1.0, 2569.9310430789083],
(97, 188) : [1.0, 2422.1572116194957],
(117, 188) : [1.0, 2339.400308457783],
(166, 188) : [1.0, 2332.0785830410045],
(54, 188) : [1.0, 2303.150591396886],
(24, 188) : [1.0, 2297.625467788642],
(20, 39) : [1.0, 2232.3396601789327],
(119, 185) : [1.0, 2005.1157836451296],
(46, 194) : [1.0, 1925.4105961083505],
(31, 56) : [1.0, 1861.1598515352366],
(157, 188) : [1.0, 1825.2253505059552],
(67, 185) : [1.0, 1816.1963427727574],
(124, 188) : [1.0, 1771.3957311799759],
(180, 188) : [1.0, 1703.8170090862006],
(170, 188) : [1.0, 1624.063347779435],
(150, 194) : [1.0, 1595.6637881957697],
(193, 194) : [1.0, 1548.3778095561513],
(35, 196) : [1.0, 1517.0863836230471],
(150, 196) : [1.0, 1497.604731891195],
(153, 188) : [1.0, 1491.0683752734972],
(56, 188) : [1.0, 1474.3360778108326],
(74, 194) : [1.0, 1473.1237395845042],
(136, 188) : [1.0, 1411.67345030202],
(168, 188) : [1.0, 1350.0359360518612],
(54, 185) : [1.0, 1322.7700710385816],
(174, 176) : [1.0, 1308.3816126368602],
(52, 188) : [1.0, 1278.9129115876808],
(71, 188) : [1.0, 1275.67576665242],
(165, 169) : [1.0, 1245.4240938595854],
(2, 115) : [1.0, 1236.2843708480807],
(2, 168) : [1.0, 1194.0438920493991],
(125, 194) : [1.0, 1155.7410613041943],
(77, 188) : [1.0, 1113.7765224478417],
(167, 188) : [1.0, 1098.5284245966911],
(119, 188) : [1.0, 1093.9919508329983],
(46, 196) : [1.0, 1088.0757308944874],
(35, 191) : [1.0, 1069.1230701230745],
(165, 188) : [1.0, 1021.3530104940882],
(72, 188) : [1.0, 982.1008731450175],
(49, 188) : [1.0, 952.1746486788005],
(126, 188) : [1.0, 921.5035512266278],
(193, 196) : [1.0, 875.2122785821739],
(147, 188) : [1.0, 869.0543578214385],
(80, 188) : [1.0, 848.5430103808509],
(194, 196) : [1.0, 842.6301618569605],
(74, 196) : [1.0, 832.7202523303134],
(102, 196) : [1.0, 830.1979288428864],
(161, 188) : [1.0, 826.3603050326526],
(24, 191) : [1.0, 809.4945152011477],
(92, 196) : [1.0, 780.30573415158],
(83, 188) : [1.0, 771.1123595995423],
(46, 191) : [1.0, 766.96058585675],
(78, 194) : [1.0, 759.2032148766159],
(76, 188) : [1.0, 754.424657858077],
(103, 188) : [1.0, 750.5216997671846],
(163, 196) : [1.0, 741.4613803272257],
(2, 98) : [1.0, 737.3371462283847],
(53, 194) : [1.0, 707.0362732557655],
(112, 188) : [1.0, 689.7536732124488],
(2, 68) : [1.0, 674.5137530289896],
(61, 188) : [1.0, 671.1619348620794],
(26, 188) : [1.0, 658.386028686438],
(42, 188) : [1.0, 653.7283227266857],
(0, 188) : [1.0, 646.7915769783413],
(34, 102) : [1.0, 643.1245549864477],
(2, 85) : [1.0, 635.6771591326641],
(191, 193) : [1.0, 617.0086548294076],
(119, 169) : [1.0, 610.9121027160802],
(104, 188) : [1.0, 602.1255539495602],
(53, 196) : [1.0, 596.5457522864372],
(2, 25) : [1.0, 587.9483613525418],
(74, 191) : [1.0, 587.0721628405333],
(2, 99) : [1.0, 585.4500317469603],
(59, 188) : [1.0, 569.0200578501183],
(169, 188) : [1.0, 567.322489389225],
(88, 188) : [1.0, 560.7205367820098],
(78, 188) : [1.0, 560.5957378657897],
(31, 186) : [1.0, 552.9014246889544],
(2, 140) : [1.0, 537.7216517932795],
(114, 194) : [1.0, 527.4592003735074],
(132, 194) : [1.0, 525.4165530083981],
(94, 188) : [1.0, 523.6818595190716],
(149, 169) : [1.0, 519.0320678164869],
(153, 194) : [1.0, 516.1069555938852],
(89, 188) : [1.0, 508.61204997466166],
(110, 188) : [1.0, 507.61573681217834],
(40, 194) : [1.0, 505.58805254357685],
(102, 150) : [1.0, 494.8362352242436],
(114, 196) : [1.0, 494.715306032964],
(56, 194) : [1.0, 489.347671366603],
(67, 194) : [1.0, 488.2313102850518],
(2, 149) : [1.0, 486.87838383683703],
(75, 191) : [1.0, 478.98953246194736],
(67, 191) : [1.0, 464.5883161631856],
(2, 6) : [1.0, 464.4264404820508],
(77, 191) : [1.0, 463.5379221879317],
(163, 194) : [1.0, 463.34601044638816],
(105, 139) : [1.0, 461.1837789340576],
(73, 187) : [1.0, 460.3803739045495],
(136, 174) : [1.0, 457.81447970447255],
(67, 145) : [1.0, 449.2870560519689],
(175, 188) : [1.0, 448.2817266140315],
(58, 196) : [1.0, 444.7726819155543],
(92, 194) : [1.0, 443.59518070273776],
(186, 188) : [1.0, 438.2193040562592],
(176, 188) : [1.0, 433.92509118505325],
(145, 196) : [1.0, 430.88817873843203],
(85, 185) : [1.0, 427.34750982322385],
(145, 194) : [1.0, 418.5222013646362],
(134, 188) : [1.0, 417.24861939883647],
(19, 188) : [1.0, 415.8929548815375],
(81, 188) : [1.0, 413.4884013307902],
(35, 102) : [1.0, 412.51293769564336],
(128, 194) : [1.0, 411.6866946437764],
(121, 188) : [1.0, 398.1262352587725],
(68, 188) : [1.0, 392.0999923803045],
(65, 188) : [1.0, 388.21179977687353],
(188, 189) : [1.0, 387.4808964668469],
(64, 188) : [1.0, 386.514355627804],
(102, 132) : [1.0, 383.06025299198177],
(150, 191) : [1.0, 373.75397677561364],
(24, 185) : [1.0, 372.86190662819047],
(28, 194) : [1.0, 371.8534591005689],
(164, 169) : [1.0, 362.5932869820943],
(2, 24) : [1.0, 361.81611764628735],
(113, 188) : [1.0, 360.5805913020549],
(2, 132) : [1.0, 359.8094293455665],
(146, 188) : [1.0, 353.77222887978974],
(58, 194) : [1.0, 346.66256242769384],
(158, 188) : [1.0, 345.3616887353782],
(191, 194) : [1.0, 340.80500570347294],
(173, 185) : [1.0, 338.391541309152],
(24, 194) : [1.0, 337.12290234604257],
