(1, 6, 7, 48, 57, 58, 59, 61, 64, 68, 69, 70, 73, 75, 78, 79) : [1.0, 6.984170777705508],
(1, 6, 7, 48, 58, 59, 61, 63, 64, 68, 69, 70, 73, 75, 78, 79) : [1.0, 6.980202824241448],
(1, 6, 7, 48, 58, 59, 61, 64, 68, 69, 70, 73, 75, 78, 79, 86) : [1.0, 6.9667219325477046],
(1, 6, 7, 48, 54, 58, 59, 61, 64, 68, 69, 70, 75, 78, 79, 86) : [1.0, 6.859966027891369],
(1, 6, 7, 48, 54, 57, 58, 61, 68, 69, 70, 73, 75, 78, 79, 86) : [1.0, 6.801308112083882],
(1, 6, 7, 48, 54, 58, 59, 61, 64, 68, 69, 70, 73, 75, 78, 79) : [1.0, 6.7768473782864875],
(1, 6, 7, 48, 54, 57, 58, 59, 61, 64, 68, 69, 70, 75, 78, 79) : [1.0, 6.772339274567048],
(1, 6, 7, 48, 57, 58, 59, 61, 63, 64, 68, 69, 70, 75, 78, 79) : [1.0, 6.770038754585764],
(1, 6, 7, 13, 48, 54, 57, 58, 61, 68, 69, 70, 73, 75, 78, 79) : [1.0, 6.739689715863095],
(1, 6, 7, 48, 58, 59, 61, 63, 68, 69, 70, 73, 75, 78, 79, 86) : [1.0, 6.73033354069843],
(1, 6, 7, 39, 48, 58, 59, 61, 63, 64, 68, 69, 70, 75, 78, 79) : [1.0, 6.715074868487001],
(1, 6, 7, 39, 48, 58, 59, 61, 64, 68, 69, 70, 75, 78, 79, 86) : [1.0, 6.697197295498503],
(1, 6, 7, 13, 48, 54, 58, 61, 68, 69, 70, 73, 75, 78, 79, 86) : [1.0, 6.676028488496478],
(1, 6, 7, 48, 57, 58, 59, 61, 64, 68, 69, 70, 75, 78, 79, 86) : [1.0, 6.6717115672886305],
(1, 6, 7, 48, 54, 57, 58, 61, 64, 68, 69, 70, 73, 75, 78, 79) : [1.0, 6.669624408314482],
(1, 6, 7, 48, 57, 58, 59, 61, 63, 68, 69, 70, 73, 75, 78, 79) : [1.0, 6.666410194480237],
(1, 6, 39, 48, 58, 59, 61, 63, 64, 68, 69, 70, 73, 75, 78, 79) : [1.0, 6.650612113253231],
(1, 6, 7, 39, 48, 58, 59, 61, 64, 68, 69, 70, 73, 75, 78, 79) : [1.0, 6.625138028020094],
(1, 6, 7, 48, 54, 58, 59, 61, 63, 64, 68, 69, 70, 75, 78, 79) : [1.0, 6.623018811486806],
(1, 6, 7, 48, 54, 57, 58, 61, 68, 69, 70, 71, 73, 75, 78, 79) : [1.0, 6.620803582850195],
(1, 6, 7, 39, 48, 58, 59, 61, 63, 68, 69, 70, 75, 78, 79, 86) : [1.0, 6.587117153555843],
(1, 6, 39, 48, 54, 58, 61, 64, 68, 69, 70, 73, 75, 78, 79, 86) : [1.0, 6.583982121829726],
(1, 6, 7, 48, 57, 58, 59, 61, 68, 69, 70, 73, 75, 78, 79, 86) : [1.0, 6.568460503898689],
(1, 6, 7, 48, 57, 58, 61, 64, 68, 69, 70, 73, 75, 78, 79, 86) : [1.0, 6.561779259608565],
(1, 6, 7, 48, 57, 58, 61, 63, 64, 68, 69, 70, 73, 75, 78, 79) : [1.0, 6.553341963858328],
(1, 6, 7, 48, 54, 58, 61, 64, 68, 69, 70, 73, 75, 78, 79, 86) : [1.0, 6.5522607482201085],
(1, 6, 7, 48, 57, 58, 61, 63, 68, 69, 70, 73, 75, 78, 79, 86) : [1.0, 6.535556241600491],
(1, 6, 7, 39, 48, 58, 59, 61, 63, 68, 69, 70, 73, 75, 78, 79) : [1.0, 6.533725779430024],
(1, 6, 39, 48, 58, 59, 61, 64, 68, 69, 70, 73, 75, 78, 79, 86) : [1.0, 6.530870305593529],
(1, 6, 7, 13, 48, 57, 58, 61, 68, 69, 70, 73, 75, 78, 79, 86) : [1.0, 6.521045970822085],
(1, 6, 7, 13, 48, 57, 58, 61, 63, 68, 69, 70, 73, 75, 78, 79) : [1.0, 6.516355643632352],
(1, 6, 7, 39, 48, 57, 58, 59, 61, 64, 68, 69, 70, 75, 78, 79) : [1.0, 6.515828536954447],
(1, 6, 7, 39, 48, 58, 59, 61, 68, 69, 70, 73, 75, 78, 79, 86) : [1.0, 6.504780778048433],
(1, 6, 7, 39, 48, 57, 58, 61, 68, 69, 70, 73, 75, 78, 79, 86) : [1.0, 6.471898346240833],
(1, 6, 7, 22, 48, 54, 58, 61, 68, 69, 70, 71, 73, 75, 78, 79) : [1.0, 6.465553036143213],
(1, 6, 48, 57, 58, 59, 61, 63, 64, 68, 69, 70, 73, 75, 78, 79) : [1.0, 6.4628122074942835],
(1, 6, 7, 48, 55, 58, 59, 61, 64, 68, 69, 70, 73, 75, 78, 79) : [1.0, 6.460975506988277],
(1, 6, 7, 13, 48, 57, 58, 59, 61, 68, 69, 70, 73, 75, 78, 79) : [1.0, 6.4498101152547465],
(1, 6, 7, 39, 48, 54, 58, 59, 61, 64, 68, 69, 70, 75, 78, 79) : [1.0, 6.4407322750375275],
(1, 6, 7, 48, 54, 58, 61, 63, 68, 69, 70, 71, 73, 75, 78, 79) : [1.0, 6.440498175732176],
(1, 6, 7, 39, 48, 58, 61, 63, 68, 69, 70, 73, 75, 78, 79, 86) : [1.0, 6.439920847592655],
(1, 6, 7, 48, 54, 57, 58, 61, 63, 68, 69, 70, 73, 75, 78, 79) : [1.0, 6.435787141876037],
(1, 6, 7, 22, 48, 57, 58, 61, 68, 69, 70, 71, 73, 75, 78, 79) : [1.0, 6.4305467526616225],
(1, 6, 7, 13, 48, 54, 58, 61, 63, 68, 69, 70, 73, 75, 78, 79) : [1.0, 6.415639561874373],
(1, 6, 7, 13, 48, 54, 58, 61, 64, 68, 69, 70, 73, 75, 78, 79) : [1.0, 6.413939439650764],
(1, 6, 7, 41, 48, 58, 59, 61, 63, 64, 68, 69, 70, 75, 78, 79) : [1.0, 6.413761563542828],
(1, 6, 7, 39, 48, 54, 58, 61, 68, 69, 70, 73, 75, 78, 79, 86) : [1.0, 6.409538937160678],
(1, 6, 7, 13, 48, 58, 59, 61, 63, 68, 69, 70, 73, 75, 78, 79) : [1.0, 6.406447504570241],
(1, 6, 7, 48, 54, 58, 61, 63, 68, 69, 70, 73, 75, 78, 79, 86) : [1.0, 6.399379188724623],
(1, 6, 7, 41, 48, 58, 59, 61, 64, 68, 69, 70, 75, 78, 79, 86) : [1.0, 6.3870412361477324],
(1, 6, 7, 22, 48, 57, 61, 64, 68, 69, 70, 71, 73, 75, 78, 79) : [1.0, 6.385655719198968],
(1, 6, 13, 48, 54, 57, 58, 61, 68, 69, 70, 73, 75, 78, 79, 86) : [1.0, 6.385559251940835],
(1, 6, 7, 13, 48, 58, 59, 61, 64, 68, 69, 70, 73, 75, 78, 79) : [1.0, 6.381703405345103],
(1, 6, 7, 48, 56, 58, 59, 61, 64, 68, 69, 70, 75, 78, 79, 86) : [1.0, 6.381092158472257],
(1, 6, 39, 48, 57, 58, 61, 64, 68, 69, 70, 73, 75, 78, 79, 86) : [1.0, 6.380265494816662],
(1, 6, 7, 48, 53, 57, 58, 61, 68, 69, 70, 73, 75, 78, 79, 86) : [1.0, 6.376973974608866],
(1, 6, 7, 39, 48, 58, 61, 63, 68, 69, 70, 71, 73, 75, 78, 79) : [1.0, 6.376891417882153],
(1, 6, 13, 39, 48, 54, 58, 61, 68, 69, 70, 73, 75, 78, 79, 86) : [1.0, 6.376634762636963],
(1, 6, 39, 48, 54, 58, 61, 63, 68, 69, 70, 71, 73, 75, 78, 79) : [1.0, 6.371896635086169],
(1, 6, 7, 13, 48, 54, 55, 58, 61, 68, 69, 70, 73, 75, 78, 79) : [1.0, 6.367173505901622],
(1, 6, 7, 22, 48, 58, 61, 68, 69, 70, 71, 73, 75, 78, 79, 86) : [1.0, 6.361336251639682],
(1, 6, 7, 48, 53, 58, 59, 61, 64, 68, 69, 70, 73, 75, 78, 79) : [1.0, 6.361244118861548],
(1, 6, 48, 58, 59, 61, 63, 64, 68, 69, 70, 73, 75, 78, 79, 86) : [1.0, 6.355903201800114],
(1, 6, 7, 48, 56, 57, 58, 61, 64, 68, 69, 70, 73, 75, 78, 79) : [1.0, 6.349441253736058],
(1, 6, 7, 48, 54, 55, 58, 61, 68, 69, 70, 71, 73, 75, 78, 79) : [1.0, 6.346261500863831],
(1, 6, 7, 13, 48, 58, 59, 61, 68, 69, 70, 73, 75, 78, 79, 86) : [1.0, 6.344512393097866],
(1, 6, 7, 13, 48, 57, 58, 61, 64, 68, 69, 70, 73, 75, 78, 79) : [1.0, 6.343848397622762],
(1, 6, 7, 39, 48, 54, 58, 61, 68, 69, 70, 71, 73, 75, 78, 79) : [1.0, 6.343717425960257],
(1, 6, 7, 48, 53, 58, 59, 61, 64, 68, 69, 70, 75, 78, 79, 86) : [1.0, 6.342855410783132],
(1, 6, 7, 48, 58, 59, 61, 63, 64, 68, 69, 70, 75, 78, 79, 86) : [1.0, 6.338803782906763],
(1, 6, 7, 48, 53, 57, 58, 59, 61, 64, 68, 69, 70, 75, 78, 79) : [1.0, 6.3377689511850575],
(1, 6, 7, 48, 54, 58, 61, 63, 64, 68, 69, 70, 73, 75, 78, 79) : [1.0, 6.335313161497321],
(1, 6, 7, 48, 57, 58, 61, 63, 68, 69, 70, 71, 73, 75, 78, 79) : [1.0, 6.331819321453233],
(1, 6, 7, 48, 54, 56, 57, 58, 61, 68, 69, 70, 71, 75, 78, 79) : [1.0, 6.32817949274893],
(1, 6, 39, 48, 54, 57, 58, 61, 64, 68, 69, 70, 73, 75, 78, 79) : [1.0, 6.323067427662757],
(1, 6, 7, 48, 54, 57, 61, 64, 68, 69, 70, 73, 75, 78, 79, 86) : [1.0, 6.321357738088347],
(1, 6, 7, 48, 57, 58, 59, 61, 63, 68, 69, 70, 75, 78, 79, 86) : [1.0, 6.320992738458431],
(1, 6, 13, 48, 54, 57, 58, 61, 64, 68, 69, 70, 73, 75, 78, 79) : [1.0, 6.320547117922679],
(1, 6, 7, 48, 56, 58, 59, 61, 63, 64, 68, 69, 70, 75, 78, 79) : [1.0, 6.319397630178128],
(1, 6, 7, 48, 53, 58, 59, 61, 63, 64, 68, 69, 70, 75, 78, 79) : [1.0, 6.3191865315211375],
(1, 6, 39, 48, 57, 58, 61, 63, 68, 69, 70, 73, 75, 78, 79, 86) : [1.0, 6.317987028909419],
(1, 6, 7, 48, 56, 57, 58, 61, 68, 69, 70, 73, 75, 78, 79, 86) : [1.0, 6.3150042999717595],
(1, 6, 7, 48, 56, 58, 61, 64, 68, 69, 70, 73, 75, 78, 79, 86) : [1.0, 6.313893015356856],
(1, 6, 7, 39, 48, 57, 58, 61, 64, 68, 69, 70, 73, 75, 78, 79) : [1.0, 6.309187506569268],
(1, 6, 7, 39, 48, 57, 58, 61, 63, 68, 69, 70, 73, 75, 78, 79) : [1.0, 6.307462007921349],
(1, 6, 7, 13, 48, 54, 58, 59, 61, 64, 68, 69, 70, 75, 78, 79) : [1.0, 6.307380429809934],
(1, 6, 39, 48, 54, 57, 58, 61, 68, 69, 70, 73, 75, 78, 79, 86) : [1.0, 6.2992652989648015],
(1, 6, 7, 41, 48, 57, 58, 61, 64, 68, 69, 70, 73, 75, 78, 79) : [1.0, 6.295728465826531],
(1, 6, 7, 22, 48, 58, 61, 64, 68, 69, 70, 71, 73, 75, 78, 79) : [1.0, 6.28826567751417],
(1, 6, 7, 39, 48, 57, 58, 59, 61, 63, 68, 69, 70, 75, 78, 79) : [1.0, 6.283954200961228],
(1, 6, 7, 22, 48, 61, 63, 64, 68, 69, 70, 71, 73, 75, 78, 79) : [1.0, 6.280979075370686],
(1, 6, 7, 48, 54, 58, 59, 61, 68, 69, 70, 73, 75, 78, 79, 86) : [1.0, 6.279939863162523],
(1, 6, 7, 39, 48, 58, 61, 64, 68, 69, 70, 73, 75, 78, 79, 86) : [1.0, 6.278842726477886],
(1, 6, 7, 22, 48, 58, 61, 63, 68, 69, 70, 71, 73, 75, 78, 79) : [1.0, 6.276919813866524],
(1, 6, 7, 48, 54, 58, 59, 61, 63, 68, 69, 70, 75, 78, 79, 86) : [1.0, 6.276334893871722],
(1, 6, 39, 48, 57, 58, 59, 61, 63, 64, 68, 69, 70, 75, 78, 79) : [1.0, 6.275783718916976],
(1, 6, 7, 48, 54, 55, 58, 61, 68, 69, 70, 73, 75, 78, 79, 86) : [1.0, 6.262551216518272],
(1, 6, 39, 48, 56, 58, 61, 64, 68, 69, 70, 73, 75, 78, 79, 86) : [1.0, 6.259983450500588],
(1, 6, 7, 13, 39, 48, 57, 58, 61, 68, 69, 70, 73, 75, 78, 79) : [1.0, 6.257637617226465],
(1, 6, 7, 13, 48, 54, 56, 58, 61, 68, 69, 70, 75, 78, 79, 86) : [1.0, 6.253027053578075],
(1, 6, 39, 48, 57, 58, 61, 63, 64, 68, 69, 70, 73, 75, 78, 79) : [1.0, 6.25091039859552],
(1, 6, 7, 22, 48, 58, 59, 61, 64, 68, 69, 70, 71, 75, 78, 79) : [1.0, 6.250479744245195],
(1, 6, 48, 57, 58, 59, 61, 64, 68, 69, 70, 73, 75, 78, 79, 86) : [1.0, 6.247250449599175],
(1, 6, 39, 48, 54, 58, 59, 61, 64, 68, 69, 70, 75, 78, 79, 86) : [1.0, 6.246074350435134],
(1, 6, 7, 39, 48, 58, 61, 63, 64, 68, 69, 70, 73, 75, 78, 79) : [1.0, 6.245737711184037],
(1, 6, 7, 48, 54, 58, 59, 61, 63, 68, 69, 70, 73, 75, 78, 79) : [1.0, 6.244574192524219],
(1, 6, 7, 13, 39, 48, 58, 61, 63, 68, 69, 70, 73, 75, 78, 79) : [1.0, 6.244565585983375],
(1, 6, 39, 48, 54, 58, 61, 63, 64, 68, 69, 70, 73, 75, 78, 79) : [1.0, 6.2415178465232275],
(1, 6, 7, 48, 53, 57, 58, 61, 64, 68, 69, 70, 73, 75, 78, 79) : [1.0, 6.233756241682447],
(1, 6, 7, 48, 54, 57, 58, 59, 61, 68, 69, 70, 75, 78, 79, 86) : [1.0, 6.233036206482466],
(1, 6, 7, 48, 56, 57, 58, 59, 61, 64, 68, 69, 70, 75, 78, 79) : [1.0, 6.232505719721209],
(1, 6, 7, 39, 48, 57, 58, 59, 61, 68, 69, 70, 75, 78, 79, 86) : [1.0, 6.232342890328614],
(1, 6, 39, 48, 54, 58, 61, 63, 68, 69, 70, 73, 75, 78, 79, 86) : [1.0, 6.232023259585975],
(1, 6, 7, 13, 39, 48, 54, 58, 61, 68, 69, 70, 73, 75, 78, 79) : [1.0, 6.231843053267903],
(1, 6, 7, 13, 48, 54, 58, 59, 61, 68, 69, 70, 73, 75, 78, 79) : [1.0, 6.231645390921676],
(1, 6, 7, 39, 48, 57, 61, 64, 68, 69, 70, 73, 75, 78, 79, 86) : [1.0, 6.230543078811816],
(1, 6, 7, 13, 39, 48, 58, 59, 61, 63, 68, 69, 70, 75, 78, 79) : [1.0, 6.22895831092467],
(1, 6, 7, 13, 39, 48, 58, 61, 68, 69, 70, 73, 75, 78, 79, 86) : [1.0, 6.2227734384137126],
(1, 6, 7, 39, 48, 57, 58, 61, 68, 69, 70, 71, 73, 75, 78, 79) : [1.0, 6.221006348329927],
(1, 6, 39, 48, 57, 58, 59, 61, 64, 68, 69, 70, 73, 75, 78, 79) : [1.0, 6.220823847835578],
(1, 6, 13, 48, 56, 57, 58, 61, 64, 68, 69, 70, 73, 75, 78, 79) : [1.0, 6.216199527359507],
(1, 6, 48, 54, 57, 58, 61, 64, 68, 69, 70, 73, 75, 78, 79, 86) : [1.0, 6.212154570682215],
(1, 6, 13, 48, 54, 57, 58, 61, 63, 68, 69, 70, 73, 75, 78, 79) : [1.0, 6.209469006119405],
(1, 6, 7, 41, 48, 57, 58, 61, 68, 69, 70, 73, 75, 78, 79, 86) : [1.0, 6.209459879459688],
(1, 6, 7, 48, 56, 57, 61, 64, 68, 69, 70, 73, 75, 78, 79, 86) : [1.0, 6.2081337890682535],
(1, 6, 13, 48, 58, 59, 61, 63, 64, 68, 69, 70, 73, 75, 78, 79) : [1.0, 6.205924532148498],
(1, 6, 7, 39, 48, 54, 58, 61, 64, 68, 69, 70, 73, 75, 78, 79) : [1.0, 6.203581070247982],
(1, 6, 7, 41, 48, 58, 61, 64, 68, 69, 70, 73, 75, 78, 79, 86) : [1.0, 6.200855718885991],
(1, 6, 7, 13, 39, 48, 58, 59, 61, 68, 69, 70, 73, 75, 78, 79) : [1.0, 6.2000829674101325],
(1, 6, 7, 22, 48, 61, 63, 68, 69, 70, 71, 73, 75, 78, 79, 86) : [1.0, 6.199707534292557],
(1, 6, 7, 13, 48, 54, 58, 59, 61, 68, 69, 70, 75, 78, 79, 86) : [1.0, 6.197785685998652],
(1, 6, 48, 54, 57, 58, 61, 63, 64, 68, 69, 70, 73, 75, 78, 79) : [1.0, 6.1946688055364545],
(1, 6, 39, 48, 54, 58, 59, 61, 63, 64, 68, 69, 70, 75, 78, 79) : [1.0, 6.191698699281798],
(1, 6, 39, 48, 58, 59, 61, 63, 64, 68, 69, 70, 75, 78, 79, 86) : [1.0, 6.189938283657721],
(1, 6, 7, 48, 54, 58, 61, 64, 68, 69, 70, 71, 73, 75, 78, 79) : [1.0, 6.183875395324103],
(1, 6, 7, 48, 59, 61, 63, 64, 68, 69, 70, 73, 75, 78, 79, 86) : [1.0, 6.183713299687171],
(1, 6, 13, 39, 48, 57, 58, 61, 63, 68, 69, 70, 73, 75, 78, 79) : [1.0, 6.183433773221687],
(1, 6, 13, 48, 54, 58, 59, 61, 64, 68, 69, 70, 73, 75, 78, 79) : [1.0, 6.183410417682722],
(1, 6, 7, 48, 56, 58, 61, 63, 64, 68, 69, 70, 73, 75, 78, 79) : [1.0, 6.182948236553965],
(1, 6, 7, 22, 48, 57, 61, 68, 69, 70, 71, 73, 75, 78, 79, 86) : [1.0, 6.181831771324252],
(1, 6, 7, 48, 54, 56, 58, 61, 63, 68, 69, 70, 71, 75, 78, 79) : [1.0, 6.181181080336129],
(1, 6, 39, 48, 58, 59, 61, 63, 68, 69, 70, 73, 75, 78, 79, 86) : [1.0, 6.180025158407618],
(1, 6, 13, 39, 48, 54, 58, 61, 64, 68, 69, 70, 73, 75, 78, 79) : [1.0, 6.179866625787356],
(1, 6, 7, 39, 48, 54, 58, 59, 61, 68, 69, 70, 75, 78, 79, 86) : [1.0, 6.179774288486048],
(1, 6, 7, 41, 48, 58, 61, 63, 64, 68, 69, 70, 73, 75, 78, 79) : [1.0, 6.179338985319636],
(1, 6, 7, 48, 56, 58, 61, 63, 68, 69, 70, 73, 75, 78, 79, 86) : [1.0, 6.176136643564178],
(1, 6, 7, 22, 48, 58, 59, 61, 68, 69, 70, 71, 73, 75, 78, 79) : [1.0, 6.175995876152908],
(1, 6, 7, 48, 53, 57, 61, 64, 68, 69, 70, 73, 75, 78, 79, 86) : [1.0, 6.175414720165496],
(1, 6, 7, 13, 48, 56, 57, 58, 61, 68, 69, 70, 73, 75, 78, 79) : [1.0, 6.175065529716779],
(1, 6, 7, 48, 56, 57, 58, 61, 68, 69, 70, 71, 73, 75, 78, 79) : [1.0, 6.173621580576673],
(1, 6, 7, 48, 54, 58, 61, 68, 69, 70, 71, 73, 75, 78, 79, 86) : [1.0, 6.171237373269625],
(1, 6, 7, 22, 48, 58, 59, 61, 63, 68, 69, 70, 71, 75, 78, 79) : [1.0, 6.169925051119371],
(1, 6, 7, 13, 48, 58, 61, 63, 68, 69, 70, 73, 75, 78, 79, 86) : [1.0, 6.169597874198597],
(1, 6, 39, 48, 54, 57, 58, 61, 68, 69, 70, 71, 73, 75, 78, 79) : [1.0, 6.167079007901838],
(1, 6, 7, 48, 58, 59, 61, 63, 68, 69, 70, 71, 73, 75, 78, 79) : [1.0, 6.166867633038953],
(1, 6, 7, 41, 48, 58, 59, 61, 64, 68, 69, 70, 73, 75, 78, 79) : [1.0, 6.166052976486704],
(1, 6, 7, 48, 56, 58, 61, 63, 68, 69, 70, 71, 73, 75, 78, 79) : [1.0, 6.160821830789541],
(1, 6, 7, 48, 50, 58, 59, 61, 68, 69, 70, 73, 75, 78, 79, 86) : [1.0, 6.155863103026692],
(1, 6, 13, 39, 48, 58, 59, 61, 64, 68, 69, 70, 73, 75, 78, 79) : [1.0, 6.1532249838545905],
(1, 6, 7, 41, 48, 58, 61, 63, 68, 69, 70, 73, 75, 78, 79, 86) : [1.0, 6.150817326132399],
(1, 6, 7, 48, 53, 54, 58, 59, 61, 64, 68, 69, 70, 75, 78, 79) : [1.0, 6.149661497641509],
(1, 6, 13, 48, 54, 56, 57, 58, 61, 64, 68, 69, 70, 75, 78, 79) : [1.0, 6.1469521938468805],
(1, 6, 7, 48, 53, 57, 58, 61, 63, 68, 69, 70, 73, 75, 78, 79) : [1.0, 6.146416229128748],
(1, 6, 7, 41, 48, 57, 58, 59, 61, 64, 68, 69, 70, 75, 78, 79) : [1.0, 6.146084765726136],
(1, 6, 7, 48, 54, 55, 58, 61, 64, 68, 69, 70, 73, 75, 78, 79) : [1.0, 6.146013234592541],
(1, 6, 39, 48, 58, 61, 63, 64, 68, 69, 70, 73, 75, 78, 79, 86) : [1.0, 6.144214690381441],
(1, 6, 7, 13, 48, 56, 58, 61, 68, 69, 70, 73, 75, 78, 79, 86) : [1.0, 6.143353169960431],
(1, 5, 6, 7, 48, 55, 58, 59, 61, 68, 69, 70, 73, 75, 78, 79) : [1.0, 6.142215112930448],
(1, 6, 13, 39, 48, 54, 58, 61, 63, 68, 69, 70, 73, 75, 78, 79) : [1.0, 6.142194409190376],
(1, 6, 7, 48, 57, 59, 61, 63, 64, 68, 69, 70, 73, 75, 78, 79) : [1.0, 6.141256839850068],
(1, 6, 7, 48, 54, 57, 58, 59, 61, 63, 68, 69, 70, 75, 78, 79) : [1.0, 6.140814373133753],
(1, 6, 7, 48, 55, 58, 59, 61, 63, 68, 69, 70, 73, 75, 78, 79) : [1.0, 6.1399128397063185],
(1, 5, 6, 39, 48, 58, 59, 61, 63, 68, 69, 70, 73, 75, 78, 79) : [1.0, 6.138089436504411],
(1, 6, 13, 48, 57, 58, 59, 61, 64, 68, 69, 70, 73, 75, 78, 79) : [1.0, 6.138061705113211],
(1, 6, 39, 48, 54, 58, 61, 64, 68, 69, 70, 71, 73, 75, 78, 79) : [1.0, 6.1380486602369295],
(1, 6, 7, 41, 48, 57, 58, 61, 63, 68, 69, 70, 73, 75, 78, 79) : [1.0, 6.136138484251883],
(1, 6, 7, 39, 48, 58, 59, 61, 63, 68, 69, 70, 71, 75, 78, 79) : [1.0, 6.135439804629872],
(1, 6, 7, 48, 50, 58, 59, 61, 64, 68, 69, 70, 73, 75, 78, 79) : [1.0, 6.13543623682396],
(1, 6, 7, 48, 56, 57, 58, 61, 64, 68, 69, 70, 75, 78, 79, 86) : [1.0, 6.134158292480824],
(1, 6, 39, 48, 56, 58, 61, 63, 68, 69, 70, 71, 73, 75, 78, 79) : [1.0, 6.131896806420288],
(1, 6, 48, 50, 58, 59, 61, 64, 68, 69, 70, 73, 75, 78, 79, 86) : [1.0, 6.129691461792133],
(1, 6, 7, 13, 48, 54, 56, 57, 58, 61, 68, 69, 70, 75, 78, 79) : [1.0, 6.124718551598356],
(1, 6, 39, 48, 56, 58, 61, 63, 68, 69, 70, 73, 75, 78, 79, 86) : [1.0, 6.124491253089409],
(1, 6, 7, 13, 48, 54, 57, 61, 68, 69, 70, 73, 75, 78, 79, 86) : [1.0, 6.123852495590822],
(1, 6, 39, 48, 56, 58, 61, 63, 64, 68, 69, 70, 73, 75, 78, 79) : [1.0, 6.1229243227674885],
(1, 6, 7, 13, 48, 54, 57, 58, 59, 61, 68, 69, 70, 75, 78, 79) : [1.0, 6.122665999628688],
(1, 6, 7, 13, 48, 57, 58, 59, 61, 63, 68, 69, 70, 75, 78, 79) : [1.0, 6.122344278065569],
(1, 6, 7, 48, 56, 57, 58, 61, 63, 68, 69, 70, 73, 75, 78, 79) : [1.0, 6.122273998068911],
(1, 6, 7, 48, 56, 58, 59, 61, 64, 68, 69, 70, 73, 75, 78, 79) : [1.0, 6.121940717918418],
(1, 6, 39, 48, 54, 57, 58, 61, 63, 68, 69, 70, 73, 75, 78, 79) : [1.0, 6.116861318613947],
(1, 6, 48, 54, 58, 59, 61, 63, 64, 68, 69, 70, 73, 75, 78, 79) : [1.0, 6.115616300418552],
(1, 6, 7, 48, 56, 57, 58, 61, 63, 68, 69, 70, 71, 75, 78, 79) : [1.0, 6.111303442252799],
(1, 6, 39, 48, 54, 58, 61, 68, 69, 70, 71, 73, 75, 78, 79, 86) : [1.0, 6.1104244048224645],
(1, 6, 7, 48, 53, 58, 59, 61, 63, 68, 69, 70, 73, 75, 78, 79) : [1.0, 6.109866460050398],
(1, 6, 7, 48, 54, 56, 58, 61, 68, 69, 70, 71, 73, 75, 78, 79) : [1.0, 6.109441496133737],
(1, 6, 7, 13, 48, 56, 57, 58, 61, 68, 69, 70, 75, 78, 79, 86) : [1.0, 6.107479029926694],
(1, 6, 13, 39, 48, 58, 59, 61, 63, 68, 69, 70, 73, 75, 78, 79) : [1.0, 6.106287585465782],
(1, 6, 7, 13, 48, 56, 58, 61, 63, 68, 69, 70, 73, 75, 78, 79) : [1.0, 6.104786618140142],
(1, 6, 13, 48, 54, 58, 61, 63, 68, 69, 70, 73, 75, 78, 79, 86) : [1.0, 6.100778782451636],
(1, 6, 7, 13, 48, 55, 58, 61, 63, 68, 69, 70, 73, 75, 78, 79) : [1.0, 6.100328897912483],
