(3, 4, 19, 22, 23, 25, 32, 42, 44, 48, 57, 61, 67, 71, 84, 93, 97, 101, 108, 114, 119, 121, 123, 124, 126) : [1.0, 115601080.53637026],
(3, 4, 22, 23, 25, 28, 32, 44, 48, 57, 61, 67, 71, 77, 84, 93, 97, 101, 108, 112, 114, 119, 121, 124, 126) : [1.0, 107534064.5416459],
(3, 4, 10, 19, 22, 23, 25, 32, 48, 57, 61, 67, 71, 82, 84, 93, 97, 101, 114, 119, 124, 125, 126, 127, 132) : [1.0, 89661947.96796197],
(3, 4, 10, 19, 22, 23, 25, 32, 48, 57, 61, 67, 71, 82, 84, 93, 97, 101, 114, 119, 124, 125, 126, 127, 133) : [1.0, 89661947.96796197],
(3, 4, 18, 22, 23, 25, 32, 44, 48, 57, 61, 67, 71, 73, 84, 85, 93, 97, 101, 108, 114, 119, 121, 124, 126) : [1.0, 65509305.977364205],
(3, 4, 10, 19, 22, 23, 25, 32, 44, 48, 57, 61, 67, 71, 79, 84, 93, 97, 101, 114, 119, 124, 125, 126, 127) : [1.0, 52650472.26099643],
(3, 4, 17, 22, 23, 25, 32, 44, 48, 57, 61, 67, 71, 84, 93, 97, 101, 108, 112, 113, 114, 119, 121, 124, 126) : [1.0, 51305952.07402986],
(3, 4, 10, 22, 23, 25, 32, 44, 48, 50, 57, 61, 67, 71, 78, 84, 93, 97, 101, 108, 114, 119, 121, 124, 126) : [1.0, 47741063.94293109],
(3, 4, 19, 21, 22, 23, 25, 32, 44, 57, 61, 67, 71, 84, 93, 97, 100, 101, 108, 114, 119, 121, 124, 126, 132) : [1.0, 33190640.596966553],
(3, 4, 19, 21, 22, 23, 25, 32, 44, 57, 61, 67, 71, 84, 93, 97, 100, 101, 108, 114, 119, 121, 124, 126, 133) : [1.0, 33190640.596966553],
(3, 4, 22, 23, 25, 32, 44, 48, 56, 57, 61, 67, 71, 82, 84, 93, 97, 101, 108, 112, 114, 119, 121, 124, 126) : [1.0, 31778615.976333093],
(3, 4, 19, 22, 23, 25, 32, 43, 44, 48, 57, 59, 61, 67, 71, 84, 93, 97, 101, 108, 114, 119, 121, 124, 126) : [1.0, 25310866.193527203],
(3, 4, 22, 23, 25, 32, 44, 48, 57, 61, 67, 69, 71, 84, 93, 97, 101, 108, 110, 112, 114, 119, 121, 124, 126) : [1.0, 22835513.34754008],
(3, 4, 21, 22, 23, 25, 32, 44, 57, 61, 67, 71, 84, 85, 93, 97, 101, 108, 114, 119, 121, 124, 126, 128, 132) : [1.0, 22381654.469473865],
(3, 4, 21, 22, 23, 25, 32, 44, 57, 61, 67, 71, 84, 85, 93, 97, 101, 108, 114, 119, 121, 124, 126, 128, 133) : [1.0, 22381654.469473865],
(3, 4, 22, 23, 25, 32, 44, 57, 61, 67, 71, 82, 84, 93, 95, 97, 101, 108, 114, 119, 121, 124, 125, 126, 132) : [1.0, 20716047.278766762],
(3, 4, 22, 23, 25, 32, 44, 57, 61, 67, 71, 82, 84, 93, 95, 97, 101, 108, 114, 119, 121, 124, 125, 126, 133) : [1.0, 20716047.278766762],
(3, 4, 20, 22, 23, 25, 32, 44, 48, 56, 57, 61, 67, 71, 84, 93, 97, 101, 108, 112, 114, 119, 121, 124, 126) : [1.0, 20050236.706491083],
(3, 4, 10, 13, 19, 22, 23, 32, 44, 48, 57, 61, 67, 78, 83, 84, 93, 97, 101, 108, 114, 124, 126, 127, 131) : [1.0, 19869504.069106836],
(3, 4, 22, 23, 25, 32, 36, 44, 48, 57, 61, 67, 71, 84, 85, 93, 97, 101, 108, 114, 119, 121, 124, 125, 126) : [1.0, 19241815.47317594],
(3, 4, 22, 23, 25, 32, 44, 48, 57, 61, 67, 71, 78, 84, 93, 97, 101, 108, 114, 119, 121, 122, 124, 126, 128) : [1.0, 17256565.79717798],
(3, 4, 12, 19, 22, 23, 25, 32, 44, 48, 57, 59, 61, 67, 71, 84, 93, 97, 101, 108, 114, 119, 121, 124, 126) : [1.0, 15656597.23076165],
(3, 4, 22, 23, 25, 32, 44, 48, 57, 61, 67, 71, 84, 92, 93, 97, 101, 108, 112, 113, 114, 119, 121, 124, 126) : [1.0, 15202562.300329661],
(3, 4, 22, 23, 25, 28, 32, 44, 48, 57, 59, 61, 67, 71, 74, 84, 93, 97, 101, 108, 114, 119, 121, 124, 126) : [1.0, 14678868.730862284],
(1, 3, 4, 12, 22, 23, 25, 27, 32, 44, 48, 57, 59, 61, 67, 71, 84, 93, 97, 101, 114, 119, 121, 124, 126) : [1.0, 14176179.711064784],
(3, 4, 22, 23, 25, 32, 44, 48, 57, 61, 67, 71, 84, 93, 97, 101, 108, 114, 115, 119, 121, 124, 126, 127, 132) : [1.0, 12895356.378013456],
(3, 4, 22, 23, 25, 32, 44, 48, 57, 61, 67, 71, 84, 93, 97, 101, 108, 114, 115, 119, 121, 124, 126, 127, 133) : [1.0, 12895356.378013456],
(3, 4, 22, 23, 25, 32, 44, 48, 57, 61, 67, 71, 73, 84, 85, 93, 97, 101, 103, 108, 114, 119, 121, 124, 126) : [1.0, 11832987.472694516],
(3, 4, 22, 23, 25, 32, 44, 57, 61, 67, 71, 73, 84, 85, 93, 97, 101, 108, 114, 119, 121, 124, 126, 127, 132) : [1.0, 11291812.00212419],
(3, 4, 22, 23, 25, 32, 44, 57, 61, 67, 71, 73, 84, 85, 93, 97, 101, 108, 114, 119, 121, 124, 126, 127, 133) : [1.0, 11291812.00212419],
(3, 4, 22, 23, 25, 32, 44, 48, 57, 61, 67, 71, 73, 79, 84, 93, 97, 101, 108, 114, 119, 121, 124, 126, 132) : [1.0, 11119105.3525279],
(3, 4, 22, 23, 25, 32, 44, 48, 57, 61, 67, 71, 73, 79, 84, 93, 97, 101, 108, 114, 119, 121, 124, 126, 133) : [1.0, 11119105.3525279],
(3, 4, 22, 23, 25, 32, 44, 48, 57, 61, 67, 71, 73, 84, 85, 93, 97, 101, 108, 114, 119, 121, 124, 126, 132) : [1.0, 11081685.85262228],
(3, 4, 22, 23, 25, 32, 44, 48, 57, 61, 67, 71, 73, 84, 85, 93, 97, 101, 108, 114, 119, 121, 124, 126, 133) : [1.0, 11081685.85262228],
(3, 4, 22, 23, 25, 32, 44, 48, 57, 61, 64, 67, 71, 80, 84, 93, 97, 101, 108, 112, 114, 119, 121, 124, 126) : [1.0, 11010610.573324347],
(3, 4, 22, 23, 25, 32, 44, 57, 59, 61, 67, 71, 84, 93, 95, 97, 101, 108, 114, 119, 121, 124, 126, 128, 132) : [1.0, 10366948.771116072],
(3, 4, 22, 23, 25, 32, 44, 57, 59, 61, 67, 71, 84, 93, 95, 97, 101, 108, 114, 119, 121, 124, 126, 128, 133) : [1.0, 10366948.771116072],
(3, 4, 22, 23, 25, 32, 44, 48, 57, 58, 61, 67, 71, 84, 93, 97, 101, 108, 112, 113, 114, 119, 121, 124, 126) : [1.0, 10265052.905309621],
(3, 4, 22, 23, 25, 32, 44, 57, 61, 67, 71, 84, 85, 93, 95, 97, 101, 108, 114, 115, 119, 121, 124, 126, 132) : [1.0, 10212529.181430774],
(3, 4, 22, 23, 25, 32, 44, 57, 61, 67, 71, 84, 85, 93, 95, 97, 101, 108, 114, 115, 119, 121, 124, 126, 133) : [1.0, 10212529.181430774],
(3, 4, 21, 22, 23, 25, 32, 44, 48, 57, 61, 67, 71, 73, 79, 84, 93, 97, 101, 114, 119, 121, 124, 126, 132) : [1.0, 10067455.683166297],
(3, 4, 21, 22, 23, 25, 32, 44, 48, 57, 61, 67, 71, 73, 79, 84, 93, 97, 101, 114, 119, 121, 124, 126, 133) : [1.0, 10067455.683166297],
(3, 4, 22, 23, 25, 32, 44, 57, 61, 67, 71, 73, 84, 91, 93, 95, 97, 101, 108, 114, 119, 121, 124, 126, 132) : [1.0, 9760947.782451546],
(3, 4, 22, 23, 25, 32, 44, 57, 61, 67, 71, 73, 84, 91, 93, 95, 97, 101, 108, 114, 119, 121, 124, 126, 133) : [1.0, 9760947.782451546],
(3, 4, 13, 21, 22, 23, 25, 32, 36, 44, 48, 57, 61, 67, 71, 84, 93, 97, 101, 108, 114, 119, 121, 124, 126) : [1.0, 9653638.151168548],
(3, 4, 22, 23, 25, 32, 44, 48, 57, 61, 67, 71, 73, 84, 93, 97, 101, 108, 114, 119, 121, 124, 125, 126, 132) : [1.0, 9168357.667940045],
(3, 4, 22, 23, 25, 32, 44, 48, 57, 61, 67, 71, 73, 84, 93, 97, 101, 108, 114, 119, 121, 124, 125, 126, 133) : [1.0, 9168357.667940045],
(3, 4, 7, 22, 23, 25, 32, 44, 48, 57, 61, 67, 69, 71, 84, 93, 97, 101, 108, 112, 114, 119, 121, 124, 126) : [1.0, 9032285.33473139],
(3, 4, 22, 23, 25, 32, 44, 48, 57, 61, 67, 69, 71, 80, 84, 93, 97, 101, 108, 112, 114, 119, 121, 124, 126) : [1.0, 8999156.276678864],
(3, 4, 22, 23, 25, 32, 44, 48, 57, 61, 67, 71, 84, 93, 97, 99, 101, 107, 108, 112, 114, 119, 121, 124, 126) : [1.0, 8981188.498181643],
(3, 4, 19, 22, 23, 25, 32, 44, 48, 51, 57, 61, 67, 71, 73, 84, 93, 97, 100, 101, 114, 119, 121, 124, 126) : [1.0, 8485163.634422252],
(3, 4, 19, 22, 23, 25, 32, 36, 44, 57, 59, 61, 67, 71, 79, 84, 93, 97, 101, 108, 114, 119, 121, 124, 126) : [1.0, 8454846.870056441],
(3, 4, 22, 23, 25, 32, 44, 57, 61, 67, 71, 78, 82, 84, 85, 93, 95, 97, 101, 108, 114, 119, 121, 124, 126) : [1.0, 8230830.833425055],
(3, 4, 9, 22, 23, 25, 32, 44, 48, 57, 59, 61, 67, 71, 74, 84, 93, 97, 101, 108, 114, 119, 121, 124, 126) : [1.0, 8187025.421302835],
(2, 3, 4, 21, 22, 23, 25, 32, 44, 57, 61, 67, 71, 84, 85, 93, 97, 101, 108, 114, 119, 121, 124, 126, 128) : [1.0, 7550693.312425277],
(3, 4, 14, 22, 23, 25, 32, 50, 57, 61, 62, 67, 71, 78, 84, 93, 97, 100, 101, 114, 119, 124, 125, 126, 127) : [1.0, 7339523.045594897],
(3, 4, 19, 22, 23, 25, 32, 44, 57, 61, 67, 71, 84, 93, 97, 101, 108, 114, 115, 119, 121, 123, 124, 126, 132) : [1.0, 7338533.0044894675],
(3, 4, 19, 22, 23, 25, 32, 44, 57, 61, 67, 71, 84, 93, 97, 101, 108, 114, 115, 119, 121, 123, 124, 126, 133) : [1.0, 7338533.0044894675],
(3, 4, 15, 19, 22, 23, 25, 32, 44, 48, 57, 59, 61, 67, 71, 84, 93, 97, 101, 108, 114, 119, 121, 124, 126) : [1.0, 7325911.3270839],
(3, 4, 16, 19, 22, 23, 25, 32, 44, 48, 57, 61, 67, 71, 73, 84, 90, 93, 97, 101, 114, 119, 121, 124, 126) : [1.0, 7293087.914253238],
(3, 4, 13, 22, 23, 25, 32, 36, 38, 44, 57, 61, 67, 71, 84, 93, 97, 101, 108, 114, 119, 121, 124, 126, 132) : [1.0, 7163712.824869608],
(3, 4, 13, 22, 23, 25, 32, 36, 38, 44, 57, 61, 67, 71, 84, 93, 97, 101, 108, 114, 119, 121, 124, 126, 133) : [1.0, 7163712.824869608],
(3, 4, 22, 23, 25, 32, 44, 48, 51, 57, 61, 67, 71, 84, 93, 96, 97, 101, 108, 112, 114, 119, 121, 124, 126) : [1.0, 6884638.703291923],
(3, 4, 22, 23, 25, 32, 44, 48, 57, 61, 67, 69, 71, 84, 93, 97, 101, 108, 112, 114, 119, 121, 124, 126, 132) : [1.0, 6616466.853902166],
(3, 4, 22, 23, 25, 32, 44, 48, 57, 61, 67, 69, 71, 84, 93, 97, 101, 108, 112, 114, 119, 121, 124, 126, 133) : [1.0, 6616466.853902166],
(3, 4, 18, 21, 22, 23, 25, 32, 44, 48, 57, 61, 67, 71, 84, 93, 97, 101, 114, 119, 121, 123, 124, 126, 130) : [1.0, 6431819.440378352],
(3, 4, 9, 19, 22, 23, 25, 32, 44, 48, 57, 59, 61, 67, 71, 73, 84, 93, 97, 101, 114, 119, 121, 124, 126) : [1.0, 6303045.447725058],
(3, 4, 14, 15, 22, 23, 25, 32, 44, 57, 61, 67, 71, 82, 84, 93, 97, 101, 108, 109, 114, 119, 121, 124, 126) : [1.0, 6289043.204113048],
(3, 4, 10, 19, 22, 23, 25, 32, 44, 48, 51, 57, 61, 67, 71, 73, 84, 93, 97, 101, 114, 119, 121, 124, 126) : [1.0, 6202215.571862571],
(3, 4, 22, 23, 25, 32, 44, 48, 57, 61, 67, 71, 84, 93, 97, 100, 101, 108, 114, 119, 121, 124, 126, 127, 132) : [1.0, 6191172.545000237],
(3, 4, 22, 23, 25, 32, 44, 48, 57, 61, 67, 71, 84, 93, 97, 100, 101, 108, 114, 119, 121, 124, 126, 127, 133) : [1.0, 6191172.545000237],
(3, 4, 10, 13, 19, 22, 23, 32, 44, 48, 57, 59, 61, 67, 78, 84, 93, 97, 101, 108, 114, 124, 126, 127, 131) : [1.0, 5709768.45921848],
(3, 4, 10, 19, 22, 23, 25, 32, 48, 57, 59, 61, 67, 71, 84, 93, 97, 101, 108, 114, 119, 124, 125, 126, 127) : [1.0, 5656121.071496124],
(3, 4, 14, 22, 23, 25, 32, 36, 57, 61, 67, 71, 79, 84, 93, 97, 101, 114, 119, 121, 123, 124, 126, 127, 132) : [1.0, 5636504.773364496],
(3, 4, 14, 22, 23, 25, 32, 36, 57, 61, 67, 71, 79, 84, 93, 97, 101, 114, 119, 121, 123, 124, 126, 127, 133) : [1.0, 5636504.773364496],
(3, 4, 10, 13, 18, 19, 22, 23, 32, 48, 57, 61, 67, 78, 84, 93, 97, 101, 114, 116, 124, 126, 127, 131, 132) : [1.0, 5447098.525440951],
(3, 4, 10, 13, 18, 19, 22, 23, 32, 48, 57, 61, 67, 78, 84, 93, 97, 101, 114, 116, 124, 126, 127, 131, 133) : [1.0, 5447098.525440951],
(3, 4, 22, 23, 25, 32, 44, 48, 57, 61, 62, 67, 71, 84, 93, 97, 101, 108, 111, 112, 114, 119, 121, 124, 126) : [1.0, 5408157.258417574],
(3, 4, 19, 22, 23, 25, 32, 44, 57, 61, 67, 71, 84, 93, 97, 101, 108, 114, 119, 121, 124, 126, 127, 129, 132) : [1.0, 5301453.145375982],
(3, 4, 19, 22, 23, 25, 32, 44, 57, 61, 67, 71, 84, 93, 97, 101, 108, 114, 119, 121, 124, 126, 127, 129, 133) : [1.0, 5301453.145375982],
(3, 4, 14, 22, 23, 25, 32, 50, 57, 61, 67, 71, 78, 84, 93, 97, 100, 101, 114, 119, 124, 125, 126, 127, 132) : [1.0, 5247439.425331956],
(3, 4, 14, 22, 23, 25, 32, 50, 57, 61, 67, 71, 78, 84, 93, 97, 100, 101, 114, 119, 124, 125, 126, 127, 133) : [1.0, 5247439.425331956],
(2, 3, 4, 22, 23, 25, 32, 36, 57, 59, 67, 71, 78, 84, 93, 95, 97, 101, 114, 119, 124, 126, 127, 128, 132) : [1.0, 5169239.137214583],
(2, 3, 4, 22, 23, 25, 32, 36, 57, 59, 67, 71, 78, 84, 93, 95, 97, 101, 114, 119, 124, 126, 127, 128, 133) : [1.0, 5169239.137214583],
(3, 4, 22, 23, 25, 32, 44, 57, 61, 67, 71, 82, 84, 93, 97, 101, 103, 108, 114, 119, 121, 124, 125, 126, 132) : [1.0, 5059747.659578162],
(3, 4, 22, 23, 25, 32, 44, 57, 61, 67, 71, 82, 84, 93, 97, 101, 103, 108, 114, 119, 121, 124, 125, 126, 133) : [1.0, 5059747.659578162],
(3, 4, 22, 23, 25, 32, 33, 44, 48, 57, 59, 61, 67, 71, 74, 84, 93, 97, 101, 108, 114, 119, 121, 124, 126) : [1.0, 5040443.1334216],
(3, 4, 14, 22, 23, 25, 32, 36, 57, 61, 67, 71, 78, 84, 93, 97, 100, 101, 114, 119, 121, 124, 126, 127, 132) : [1.0, 5002195.917399886],
(3, 4, 14, 22, 23, 25, 32, 36, 57, 61, 67, 71, 78, 84, 93, 97, 100, 101, 114, 119, 121, 124, 126, 127, 133) : [1.0, 5002195.917399886],
(3, 4, 22, 23, 25, 32, 44, 48, 49, 57, 61, 67, 71, 80, 84, 93, 97, 101, 108, 112, 114, 119, 121, 124, 126) : [1.0, 4971042.721376567],
(3, 4, 13, 22, 23, 25, 32, 36, 44, 48, 57, 61, 67, 71, 84, 93, 97, 101, 108, 114, 119, 121, 124, 126, 130) : [1.0, 4960325.515070131],
(2, 3, 4, 22, 23, 25, 32, 36, 57, 59, 67, 71, 78, 84, 93, 95, 97, 101, 114, 119, 124, 126, 127, 128, 130) : [1.0, 4950684.396938255],
(3, 4, 13, 14, 22, 23, 32, 36, 48, 57, 61, 67, 78, 84, 93, 97, 101, 103, 114, 119, 124, 126, 127, 131, 132) : [1.0, 4915447.294039226],
(3, 4, 13, 14, 22, 23, 32, 36, 48, 57, 61, 67, 78, 84, 93, 97, 101, 103, 114, 119, 124, 126, 127, 131, 133) : [1.0, 4915447.294039226],
(3, 4, 10, 13, 19, 22, 23, 32, 44, 48, 57, 61, 67, 78, 84, 93, 95, 97, 101, 114, 115, 124, 126, 127, 131) : [1.0, 4885125.613844619],
(3, 4, 19, 22, 23, 25, 32, 44, 48, 51, 57, 61, 67, 71, 73, 84, 93, 97, 101, 114, 119, 121, 124, 126, 132) : [1.0, 4772524.745481062],
(3, 4, 19, 22, 23, 25, 32, 44, 48, 51, 57, 61, 67, 71, 73, 84, 93, 97, 101, 114, 119, 121, 124, 126, 133) : [1.0, 4772524.745481062],
(3, 4, 10, 19, 22, 23, 25, 32, 44, 48, 57, 61, 67, 71, 73, 79, 84, 93, 97, 101, 114, 119, 121, 124, 126) : [1.0, 4717036.846455488],
(3, 4, 10, 13, 19, 22, 23, 32, 44, 48, 56, 57, 61, 67, 78, 84, 93, 97, 101, 114, 121, 124, 126, 127, 131) : [1.0, 4699882.142664383],
(3, 4, 11, 13, 22, 23, 25, 32, 44, 48, 57, 61, 67, 71, 84, 93, 97, 101, 108, 112, 114, 119, 121, 124, 126) : [1.0, 4630439.99124102],
(3, 4, 19, 22, 23, 25, 32, 44, 57, 61, 67, 71, 74, 79, 84, 93, 97, 101, 108, 114, 119, 121, 124, 126, 132) : [1.0, 4510279.736737887],
(3, 4, 19, 22, 23, 25, 32, 44, 57, 61, 67, 71, 74, 79, 84, 93, 97, 101, 108, 114, 119, 121, 124, 126, 133) : [1.0, 4510279.736737887],
(3, 4, 15, 22, 23, 25, 32, 44, 48, 57, 61, 67, 71, 84, 93, 97, 101, 108, 112, 113, 114, 119, 121, 124, 126) : [1.0, 4347210.127150952],
(3, 4, 22, 23, 25, 32, 44, 48, 57, 61, 67, 71, 73, 84, 93, 97, 100, 101, 108, 114, 119, 121, 124, 125, 126) : [1.0, 4273771.626171594],
(3, 4, 21, 22, 23, 25, 32, 44, 48, 57, 61, 67, 71, 84, 93, 97, 101, 114, 119, 121, 123, 124, 126, 128, 132) : [1.0, 4231164.82597217],
(3, 4, 21, 22, 23, 25, 32, 44, 48, 57, 61, 67, 71, 84, 93, 97, 101, 114, 119, 121, 123, 124, 126, 128, 133) : [1.0, 4231164.82597217],
(3, 4, 18, 19, 22, 23, 25, 32, 44, 57, 59, 61, 67, 71, 84, 93, 97, 101, 108, 114, 119, 121, 124, 125, 126) : [1.0, 4076301.3469951544],
(3, 4, 22, 23, 25, 32, 44, 48, 57, 61, 67, 71, 84, 93, 97, 100, 101, 108, 114, 115, 119, 121, 124, 126, 132) : [1.0, 4028329.0208225227],
(3, 4, 22, 23, 25, 32, 44, 48, 57, 61, 67, 71, 84, 93, 97, 100, 101, 108, 114, 115, 119, 121, 124, 126, 133) : [1.0, 4028329.0208225227],
(3, 4, 22, 23, 25, 32, 44, 48, 57, 59, 61, 67, 71, 84, 93, 97, 101, 103, 108, 114, 119, 121, 124, 126, 132) : [1.0, 4026833.3419244695],
(3, 4, 22, 23, 25, 32, 44, 48, 57, 59, 61, 67, 71, 84, 93, 97, 101, 103, 108, 114, 119, 121, 124, 126, 133) : [1.0, 4026833.3419244695],
(3, 4, 19, 22, 23, 25, 32, 44, 48, 57, 61, 65, 67, 71, 84, 88, 93, 97, 101, 108, 114, 119, 121, 124, 126) : [1.0, 3973621.3100357987],
(3, 4, 10, 19, 22, 23, 25, 32, 48, 57, 61, 67, 71, 84, 93, 97, 101, 110, 114, 119, 124, 125, 126, 127, 132) : [1.0, 3897660.0517739006],
(3, 4, 10, 19, 22, 23, 25, 32, 48, 57, 61, 67, 71, 84, 93, 97, 101, 110, 114, 119, 124, 125, 126, 127, 133) : [1.0, 3897660.0517739006],
(3, 4, 10, 19, 22, 23, 25, 32, 44, 48, 57, 61, 67, 71, 84, 85, 93, 97, 101, 114, 119, 124, 125, 126, 127) : [1.0, 3854546.04177222],
(3, 4, 13, 22, 23, 25, 32, 44, 48, 57, 61, 67, 71, 78, 79, 84, 93, 97, 101, 108, 114, 119, 121, 124, 126) : [1.0, 3809998.8505541882],
(2, 3, 4, 21, 22, 23, 25, 32, 44, 48, 50, 57, 59, 61, 67, 71, 84, 93, 97, 101, 114, 119, 121, 124, 126) : [1.0, 3808331.4181837277],
(3, 4, 19, 22, 23, 25, 32, 44, 57, 61, 67, 71, 84, 93, 97, 101, 108, 114, 119, 121, 124, 125, 126, 127, 132) : [1.0, 3791857.238577243],
(3, 4, 19, 22, 23, 25, 32, 44, 57, 61, 67, 71, 84, 93, 97, 101, 108, 114, 119, 121, 124, 125, 126, 127, 133) : [1.0, 3791857.238577243],
(3, 4, 21, 22, 23, 25, 32, 44, 48, 57, 61, 67, 71, 84, 93, 97, 101, 114, 119, 121, 123, 124, 126, 130, 132) : [1.0, 3767490.683951531],
(3, 4, 21, 22, 23, 25, 32, 44, 48, 57, 61, 67, 71, 84, 93, 97, 101, 114, 119, 121, 123, 124, 126, 130, 133) : [1.0, 3767490.683951531],
(3, 4, 22, 23, 25, 32, 44, 48, 57, 61, 67, 71, 84, 93, 97, 101, 108, 114, 119, 121, 124, 125, 126, 127, 132) : [1.0, 3754164.825282316],
(3, 4, 22, 23, 25, 32, 44, 48, 57, 61, 67, 71, 84, 93, 97, 101, 108, 114, 119, 121, 124, 125, 126, 127, 133) : [1.0, 3754164.825282316],
(3, 4, 22, 23, 25, 32, 44, 48, 57, 61, 67, 71, 84, 93, 97, 101, 108, 112, 113, 114, 119, 121, 124, 125, 126) : [1.0, 3626038.4095525485],
(3, 4, 22, 23, 25, 32, 44, 48, 57, 61, 67, 71, 78, 84, 93, 97, 100, 101, 108, 114, 119, 121, 124, 126, 132) : [1.0, 3604031.5198335308],
(3, 4, 22, 23, 25, 32, 44, 48, 57, 61, 67, 71, 78, 84, 93, 97, 100, 101, 108, 114, 119, 121, 124, 126, 133) : [1.0, 3604031.5198335308],
(3, 4, 10, 13, 19, 22, 23, 32, 44, 48, 57, 61, 67, 78, 84, 85, 93, 97, 101, 108, 114, 124, 126, 127, 131) : [1.0, 3593204.6759122084],
(3, 4, 18, 22, 23, 25, 32, 44, 48, 57, 61, 67, 71, 84, 93, 97, 101, 108, 111, 112, 114, 119, 121, 124, 126) : [1.0, 3521354.9922588156],
(3, 4, 22, 23, 25, 32, 44, 48, 57, 61, 67, 71, 78, 84, 93, 97, 101, 108, 114, 119, 121, 124, 126, 128, 132) : [1.0, 3484079.7013382893],
(3, 4, 22, 23, 25, 32, 44, 48, 57, 61, 67, 71, 78, 84, 93, 97, 101, 108, 114, 119, 121, 124, 126, 128, 133) : [1.0, 3484079.7013382893],
(3, 4, 10, 13, 19, 22, 23, 32, 44, 48, 57, 61, 67, 71, 78, 84, 91, 93, 97, 101, 114, 124, 126, 127, 131) : [1.0, 3471573.211647501],
(3, 4, 19, 22, 23, 25, 32, 44, 48, 57, 61, 67, 71, 73, 79, 84, 93, 97, 101, 108, 114, 119, 121, 124, 126) : [1.0, 3448995.504610169],
(3, 4, 22, 23, 25, 28, 32, 44, 57, 61, 67, 71, 84, 93, 95, 97, 101, 108, 114, 116, 119, 121, 124, 126, 132) : [1.0, 3427068.1904053106],
(3, 4, 22, 23, 25, 28, 32, 44, 57, 61, 67, 71, 84, 93, 95, 97, 101, 108, 114, 116, 119, 121, 124, 126, 133) : [1.0, 3427068.1904053106],
(3, 4, 12, 22, 23, 25, 32, 44, 48, 56, 57, 61, 67, 71, 84, 93, 97, 101, 108, 112, 114, 119, 121, 124, 126) : [1.0, 3379334.833084794],
(3, 4, 22, 23, 25, 32, 38, 44, 48, 57, 61, 67, 71, 84, 93, 97, 101, 108, 111, 112, 114, 119, 121, 124, 126) : [1.0, 3335003.139195982],
(3, 4, 13, 18, 19, 22, 23, 25, 32, 44, 57, 59, 61, 67, 71, 84, 93, 97, 101, 108, 114, 119, 121, 124, 126) : [1.0, 3186903.53857391],
(3, 4, 10, 13, 21, 22, 23, 25, 32, 48, 57, 61, 67, 78, 84, 93, 97, 101, 103, 114, 124, 125, 126, 127, 131) : [1.0, 3075772.9146429505],
(3, 4, 22, 23, 25, 32, 38, 44, 57, 61, 67, 71, 84, 93, 97, 101, 108, 114, 119, 121, 123, 124, 126, 129, 132) : [1.0, 3026240.111486455],
(3, 4, 22, 23, 25, 32, 38, 44, 57, 61, 67, 71, 84, 93, 97, 101, 108, 114, 119, 121, 123, 124, 126, 129, 133) : [1.0, 3026240.111486455],
(3, 4, 22, 23, 25, 28, 32, 44, 57, 61, 67, 71, 84, 92, 93, 95, 97, 101, 108, 114, 116, 119, 121, 124, 126) : [1.0, 3019872.3526116735],
(3, 4, 10, 19, 22, 23, 25, 32, 48, 57, 59, 61, 67, 71, 84, 88, 93, 97, 101, 114, 119, 124, 125, 126, 127) : [1.0, 2946029.750944352],
(3, 4, 10, 19, 22, 23, 25, 32, 48, 57, 59, 61, 67, 71, 84, 93, 97, 101, 114, 119, 123, 124, 125, 126, 127) : [1.0, 2929526.146271555],
(3, 4, 21, 22, 23, 25, 32, 44, 48, 57, 61, 67, 71, 84, 91, 93, 97, 101, 114, 115, 119, 124, 126, 127, 130) : [1.0, 2910070.010930305],
(3, 4, 20, 22, 23, 25, 32, 44, 48, 57, 61, 67, 71, 84, 91, 93, 97, 101, 108, 112, 114, 119, 121, 124, 126) : [1.0, 2886548.5714747184],
(3, 4, 10, 19, 22, 23, 25, 32, 44, 48, 57, 61, 67, 71, 82, 84, 93, 97, 101, 114, 119, 124, 125, 126, 127) : [1.0, 2850485.6492837854],
(3, 4, 12, 22, 23, 25, 27, 32, 44, 48, 57, 59, 61, 67, 71, 84, 91, 93, 97, 101, 114, 119, 121, 124, 126) : [1.0, 2815470.4187521706],
(3, 4, 20, 22, 23, 25, 32, 44, 48, 57, 61, 67, 71, 84, 93, 97, 101, 108, 110, 112, 114, 119, 121, 124, 126) : [1.0, 2810644.984650288],
(3, 4, 20, 22, 23, 25, 32, 44, 48, 57, 61, 67, 71, 84, 93, 97, 100, 101, 108, 112, 114, 119, 121, 124, 126) : [1.0, 2802907.273600651],
(3, 4, 22, 23, 25, 32, 44, 48, 57, 61, 67, 71, 84, 91, 93, 97, 100, 101, 108, 114, 119, 121, 124, 126, 132) : [1.0, 2765612.7594395555],
(3, 4, 22, 23, 25, 32, 44, 48, 57, 61, 67, 71, 84, 91, 93, 97, 100, 101, 108, 114, 119, 121, 124, 126, 133) : [1.0, 2765612.7594395555],
(3, 4, 22, 23, 25, 32, 44, 48, 57, 61, 67, 71, 80, 84, 93, 97, 101, 108, 112, 114, 119, 121, 124, 126, 130) : [1.0, 2761298.8935312848],
(3, 4, 22, 23, 25, 32, 38, 44, 48, 57, 61, 67, 71, 82, 84, 93, 95, 97, 101, 108, 114, 119, 121, 124, 126) : [1.0, 2732958.089592478],
(3, 4, 21, 22, 23, 25, 32, 44, 48, 57, 61, 67, 71, 78, 84, 93, 97, 101, 108, 114, 119, 121, 124, 126, 127) : [1.0, 2724186.0573217715],
(3, 4, 20, 22, 23, 25, 32, 44, 48, 57, 61, 67, 71, 84, 93, 97, 101, 108, 112, 114, 119, 121, 124, 126, 130) : [1.0, 2681004.346972994],
(3, 4, 22, 23, 25, 32, 44, 48, 57, 61, 67, 71, 84, 93, 97, 101, 108, 112, 113, 114, 119, 121, 124, 126, 132) : [1.0, 2673903.317468721],
(3, 4, 22, 23, 25, 32, 44, 48, 57, 61, 67, 71, 84, 93, 97, 101, 108, 112, 113, 114, 119, 121, 124, 126, 133) : [1.0, 2673903.317468721],
(3, 4, 22, 23, 25, 32, 44, 57, 61, 67, 71, 84, 93, 95, 97, 101, 108, 110, 114, 115, 119, 121, 124, 126, 129) : [1.0, 2669756.320162064],
(2, 3, 4, 22, 23, 25, 32, 36, 38, 57, 59, 67, 71, 78, 84, 93, 95, 97, 101, 114, 119, 124, 126, 127, 128) : [1.0, 2661136.3309643148],
(3, 4, 10, 13, 14, 19, 22, 23, 32, 44, 48, 57, 61, 67, 78, 84, 93, 95, 97, 101, 114, 124, 126, 127, 131) : [1.0, 2660328.5767374504],
(3, 4, 22, 23, 25, 32, 36, 44, 48, 57, 61, 67, 71, 82, 84, 93, 97, 101, 108, 114, 119, 121, 124, 126, 132) : [1.0, 2624828.329237333],
(3, 4, 22, 23, 25, 32, 36, 44, 48, 57, 61, 67, 71, 82, 84, 93, 97, 101, 108, 114, 119, 121, 124, 126, 133) : [1.0, 2624828.329237333],
(3, 4, 14, 22, 23, 25, 32, 44, 48, 57, 61, 67, 71, 79, 84, 93, 97, 101, 108, 114, 119, 121, 123, 124, 126) : [1.0, 2589795.2763620606],
(3, 4, 22, 23, 25, 32, 36, 44, 48, 57, 61, 67, 71, 84, 93, 97, 101, 108, 114, 119, 121, 123, 124, 125, 126) : [1.0, 2587547.3399775657],
(3, 4, 19, 22, 23, 25, 32, 44, 48, 57, 61, 65, 67, 71, 84, 93, 97, 101, 105, 108, 114, 119, 121, 124, 126) : [1.0, 2582523.574572501],
(3, 4, 20, 22, 23, 25, 32, 44, 48, 57, 61, 67, 71, 84, 88, 93, 97, 101, 108, 112, 114, 119, 121, 124, 126) : [1.0, 2489528.4543052875],
(3, 4, 21, 22, 23, 25, 32, 44, 48, 57, 58, 61, 67, 71, 73, 84, 93, 97, 101, 114, 119, 121, 122, 124, 126) : [1.0, 2477504.378442458],
(3, 4, 19, 22, 23, 25, 32, 44, 57, 61, 67, 71, 84, 85, 93, 97, 101, 108, 114, 119, 121, 123, 124, 126, 127) : [1.0, 2472063.0090376693],
(3, 4, 21, 22, 23, 25, 32, 36, 44, 48, 57, 61, 67, 71, 84, 93, 97, 101, 114, 119, 121, 123, 124, 126, 130) : [1.0, 2450432.382591843],
(3, 4, 21, 22, 23, 25, 32, 44, 48, 57, 61, 67, 71, 74, 84, 93, 97, 101, 108, 114, 119, 121, 124, 126, 129) : [1.0, 2408378.7120116167],
(3, 4, 22, 23, 25, 32, 44, 48, 52, 57, 61, 67, 71, 84, 93, 97, 101, 107, 108, 112, 114, 119, 121, 124, 126) : [1.0, 2388630.242653456],
(3, 4, 10, 19, 22, 23, 25, 32, 48, 57, 59, 61, 67, 71, 82, 84, 93, 97, 101, 114, 119, 124, 125, 126, 127) : [1.0, 2356074.786569864],
(3, 4, 10, 13, 19, 22, 23, 32, 44, 48, 57, 61, 67, 71, 78, 84, 93, 97, 101, 114, 124, 126, 127, 131, 132) : [1.0, 2354681.7968728044],
(3, 4, 10, 13, 19, 22, 23, 32, 44, 48, 57, 61, 67, 71, 78, 84, 93, 97, 101, 114, 124, 126, 127, 131, 133) : [1.0, 2354681.7968728044],
(3, 4, 14, 22, 23, 25, 32, 44, 48, 57, 61, 67, 69, 71, 84, 93, 97, 101, 108, 112, 114, 119, 121, 124, 126) : [1.0, 2350866.8048516293],
(3, 4, 22, 23, 25, 32, 44, 48, 57, 61, 67, 69, 71, 84, 93, 97, 101, 108, 112, 114, 119, 121, 124, 126, 127) : [1.0, 2336275.3832078255],
(3, 4, 10, 13, 19, 22, 23, 32, 44, 48, 57, 61, 67, 78, 84, 93, 97, 101, 108, 114, 124, 126, 127, 129, 131) : [1.0, 2321561.8826359087],
(3, 4, 10, 21, 22, 23, 25, 32, 44, 48, 57, 61, 67, 71, 84, 93, 97, 101, 114, 119, 121, 123, 124, 126, 132) : [1.0, 2302811.608229215],
(3, 4, 10, 21, 22, 23, 25, 32, 44, 48, 57, 61, 67, 71, 84, 93, 97, 101, 114, 119, 121, 123, 124, 126, 133) : [1.0, 2302811.608229215],
(3, 4, 22, 23, 25, 32, 44, 48, 56, 57, 61, 67, 71, 75, 84, 93, 97, 101, 108, 112, 114, 119, 121, 124, 126) : [1.0, 2299406.067360046],
(3, 4, 10, 13, 19, 22, 23, 32, 34, 48, 57, 61, 67, 78, 84, 85, 93, 97, 101, 114, 116, 124, 126, 127, 131) : [1.0, 2275852.5915891402],
(3, 4, 10, 13, 19, 22, 23, 32, 44, 48, 56, 57, 61, 67, 78, 84, 93, 95, 97, 101, 114, 124, 126, 127, 131) : [1.0, 2266395.7568582124],
(2, 3, 4, 13, 22, 23, 25, 32, 57, 61, 67, 71, 78, 84, 85, 93, 97, 101, 114, 119, 121, 124, 125, 126, 132) : [1.0, 2259301.969226711],
(2, 3, 4, 13, 22, 23, 25, 32, 57, 61, 67, 71, 78, 84, 85, 93, 97, 101, 114, 119, 121, 124, 125, 126, 133) : [1.0, 2259301.969226711],
(3, 4, 10, 22, 23, 25, 32, 44, 48, 57, 61, 67, 71, 84, 93, 97, 101, 108, 114, 119, 121, 124, 126, 132, 133) : [1.0, 2238240.248568349],
(2, 3, 4, 13, 22, 23, 25, 32, 48, 57, 61, 67, 78, 84, 93, 95, 97, 101, 103, 114, 121, 124, 126, 127, 131) : [1.0, 2219019.156565633],
(3, 4, 9, 22, 23, 25, 29, 32, 44, 48, 57, 61, 67, 71, 74, 84, 93, 97, 101, 108, 114, 119, 121, 124, 126) : [1.0, 2217471.3047911967],
(3, 4, 19, 22, 23, 25, 32, 44, 48, 51, 57, 61, 67, 71, 73, 84, 93, 97, 101, 114, 119, 121, 124, 126, 129) : [1.0, 2205164.423571803],
(3, 4, 16, 19, 22, 23, 25, 32, 44, 48, 57, 61, 67, 71, 73, 84, 93, 97, 101, 114, 119, 121, 124, 126, 132) : [1.0, 2203659.9851717814],
(3, 4, 16, 19, 22, 23, 25, 32, 44, 48, 57, 61, 67, 71, 73, 84, 93, 97, 101, 114, 119, 121, 124, 126, 133) : [1.0, 2203659.9851717814],
(3, 4, 10, 13, 19, 22, 23, 29, 32, 44, 48, 57, 61, 67, 78, 84, 93, 95, 97, 101, 114, 124, 126, 127, 131) : [1.0, 2172687.9046144322],
(3, 4, 22, 23, 25, 32, 44, 48, 57, 61, 67, 71, 84, 93, 97, 99, 101, 108, 111, 112, 114, 119, 121, 124, 126) : [1.0, 2154530.743754255],
(2, 3, 4, 21, 22, 23, 25, 32, 44, 48, 57, 59, 61, 67, 71, 84, 93, 97, 101, 114, 119, 121, 124, 126, 131) : [1.0, 2136263.166874282],
(3, 4, 19, 22, 23, 25, 31, 32, 44, 48, 57, 61, 67, 71, 84, 93, 97, 101, 108, 114, 115, 119, 121, 124, 126) : [1.0, 2133505.109880659],
(3, 4, 21, 22, 23, 25, 32, 44, 48, 57, 61, 67, 71, 84, 93, 97, 101, 114, 119, 121, 123, 124, 125, 126, 128) : [1.0, 2048049.0145236508],
(3, 4, 21, 22, 23, 25, 32, 44, 48, 57, 59, 61, 67, 71, 84, 93, 97, 101, 114, 119, 121, 124, 126, 128, 131) : [1.0, 2039245.181096824],
(3, 4, 22, 23, 25, 32, 44, 48, 55, 57, 61, 67, 71, 84, 93, 97, 101, 108, 112, 113, 114, 119, 121, 124, 126) : [1.0, 2027486.1530580178],
(3, 4, 18, 20, 22, 23, 25, 32, 44, 48, 57, 61, 67, 71, 84, 93, 97, 101, 108, 112, 114, 119, 121, 124, 126) : [1.0, 2020623.8295794178],
(3, 4, 13, 22, 23, 25, 32, 44, 57, 61, 67, 71, 82, 84, 93, 95, 97, 101, 108, 114, 119, 121, 124, 126, 127) : [1.0, 1995311.7102477727],
(3, 4, 13, 14, 22, 23, 25, 32, 44, 48, 57, 61, 67, 71, 84, 93, 97, 101, 108, 114, 115, 119, 121, 124, 126) : [1.0, 1961350.1736876275],
