(1, 2, 4, 5, 7, 8, 9, 18, 21, 22, 24, 25, 27, 28, 29, 30, 31, 32, 33, 34, 40, 42, 43, 44, 45, 46, 47, 49, 50, 51, 53, 55, 56, 57, 63, 64, 66, 69, 71, 72, 73) [0.9, 0.6665238303628741]
(1, 2, 4, 5, 7, 8, 9, 10, 21, 22, 24, 25, 27, 28, 29, 30, 31, 32, 33, 34, 40, 42, 43, 44, 45, 46, 47, 49, 50, 51, 53, 55, 56, 57, 63, 64, 66, 69, 71, 72, 73) [0.9, 0.6369254834273232]
(1, 2, 4, 5, 7, 8, 9, 21, 22, 24, 25, 27, 28, 29, 30, 31, 32, 33, 34, 40, 42, 43, 44, 45, 46, 47, 49, 50, 51, 53, 55, 56, 57, 61, 63, 64, 66, 69, 71, 72, 73) [0.9, 0.6312740187771363]
(1, 2, 4, 5, 7, 8, 9, 10, 18, 21, 22, 24, 25, 27, 28, 29, 30, 31, 32, 33, 34, 42, 43, 44, 45, 46, 47, 49, 50, 51, 52, 53, 55, 56, 57, 63, 64, 66, 71, 72, 73) [0.9, 0.6207755376391003]
(1, 2, 4, 5, 7, 8, 9, 18, 21, 22, 24, 25, 27, 28, 29, 30, 31, 32, 33, 34, 35, 40, 42, 43, 44, 45, 46, 47, 49, 50, 51, 53, 55, 56, 57, 63, 64, 66, 71, 72, 73) [0.9, 0.6196366534901253]
(1, 2, 4, 5, 7, 8, 9, 10, 18, 21, 22, 24, 25, 27, 28, 29, 30, 31, 32, 33, 34, 40, 42, 43, 44, 45, 46, 47, 49, 50, 51, 53, 55, 56, 57, 63, 64, 66, 71, 72, 73) [0.9, 0.6125635505148891]
(1, 2, 4, 5, 7, 8, 9, 10, 18, 21, 22, 24, 27, 28, 29, 30, 31, 32, 33, 34, 42, 43, 44, 45, 46, 47, 49, 50, 51, 52, 53, 55, 56, 57, 61, 63, 64, 66, 71, 72, 73) [0.9, 0.608951682669152]
(1, 2, 4, 5, 7, 8, 9, 18, 21, 22, 24, 25, 27, 28, 29, 30, 31, 32, 33, 34, 40, 42, 43, 44, 45, 46, 47, 49, 50, 51, 53, 55, 56, 57, 61, 63, 64, 66, 71, 72, 73) [0.9, 0.6054345693820408]
(1, 2, 4, 5, 7, 8, 9, 10, 21, 22, 24, 25, 27, 28, 29, 30, 31, 32, 33, 34, 42, 43, 44, 45, 46, 47, 49, 50, 51, 52, 53, 55, 56, 57, 63, 64, 66, 69, 71, 72, 73) [0.9, 0.6029758721928874]
(1, 2, 4, 5, 7, 8, 9, 10, 18, 21, 22, 24, 27, 28, 29, 30, 31, 32, 33, 34, 40, 42, 43, 44, 45, 46, 47, 49, 50, 51, 53, 55, 56, 57, 61, 63, 64, 66, 71, 72, 73) [0.9, 0.6008849144945287]
(1, 2, 4, 5, 7, 8, 9, 18, 21, 22, 24, 25, 27, 28, 29, 30, 31, 32, 33, 34, 42, 43, 44, 45, 46, 47, 49, 50, 51, 53, 55, 56, 57, 63, 64, 66, 69, 70, 71, 72, 73) [0.9, 0.5882842623619032]
(1, 2, 4, 5, 7, 8, 9, 18, 21, 22, 24, 25, 27, 28, 29, 30, 31, 32, 33, 34, 36, 38, 42, 43, 44, 45, 46, 47, 49, 50, 51, 53, 55, 56, 57, 63, 64, 66, 71, 72, 73) [0.9, 0.5856505564481446]
(1, 2, 4, 5, 7, 8, 9, 18, 21, 22, 24, 25, 27, 28, 29, 30, 31, 32, 33, 34, 40, 42, 43, 44, 45, 46, 47, 49, 50, 51, 52, 53, 55, 56, 57, 63, 64, 66, 71, 72, 73) [0.9, 0.5840779467165271]
(1, 2, 4, 5, 7, 8, 9, 18, 21, 22, 24, 25, 27, 28, 29, 30, 31, 32, 33, 34, 42, 43, 44, 45, 46, 47, 49, 50, 51, 52, 53, 55, 56, 57, 61, 63, 64, 66, 71, 72, 73) [0.9, 0.5823494248550509]
(1, 2, 4, 5, 7, 8, 9, 21, 22, 24, 25, 27, 28, 29, 30, 31, 32, 33, 34, 42, 43, 44, 45, 46, 47, 49, 50, 51, 52, 53, 55, 56, 57, 61, 63, 64, 66, 69, 71, 72, 73) [0.9, 0.5785655441539771]
(1, 2, 4, 5, 7, 8, 9, 10, 21, 22, 24, 25, 27, 28, 29, 30, 31, 32, 33, 34, 42, 43, 44, 45, 46, 47, 49, 50, 51, 53, 55, 56, 57, 61, 63, 64, 66, 69, 71, 72, 73) [0.9, 0.5657136429466812]
(1, 2, 4, 5, 7, 8, 9, 10, 18, 21, 22, 24, 25, 27, 28, 29, 30, 31, 32, 33, 34, 42, 43, 44, 45, 46, 47, 49, 50, 51, 53, 55, 56, 57, 61, 63, 64, 66, 71, 72, 73) [0.9, 0.5636742175023032]
(1, 2, 4, 5, 7, 8, 9, 10, 17, 21, 22, 24, 25, 27, 28, 29, 30, 31, 32, 33, 34, 35, 42, 43, 44, 45, 46, 47, 49, 50, 51, 53, 55, 57, 63, 64, 66, 69, 71, 72, 73) [0.9, 0.5501580620522478]
(1, 2, 4, 5, 7, 8, 9, 21, 22, 24, 25, 27, 28, 29, 30, 31, 32, 33, 34, 42, 43, 44, 45, 46, 47, 49, 50, 51, 53, 55, 56, 57, 61, 63, 64, 66, 69, 70, 71, 72, 73) [0.9, 0.5420341952414436]
(1, 2, 4, 5, 7, 8, 9, 10, 21, 22, 24, 25, 27, 28, 29, 30, 31, 32, 33, 34, 42, 43, 44, 45, 46, 47, 49, 50, 51, 53, 55, 56, 57, 63, 64, 66, 69, 70, 71, 72, 73) [0.9, 0.53204910704869]
(1, 2, 4, 5, 7, 8, 9, 10, 21, 22, 24, 25, 27, 28, 29, 30, 31, 32, 33, 34, 35, 42, 43, 44, 45, 46, 47, 49, 50, 51, 53, 55, 56, 57, 63, 64, 66, 69, 71, 72, 73) [0.9, 0.5218078577991371]
(1, 2, 4, 5, 7, 8, 9, 10, 17, 21, 22, 24, 25, 27, 28, 29, 30, 31, 32, 33, 34, 42, 43, 44, 45, 46, 47, 49, 50, 51, 53, 55, 57, 61, 63, 64, 66, 69, 71, 72, 73) [0.9, 0.5215595585709144]
(1, 2, 4, 5, 7, 8, 9, 10, 17, 21, 22, 24, 25, 27, 28, 29, 30, 31, 32, 33, 34, 42, 43, 44, 45, 46, 47, 49, 50, 51, 52, 53, 55, 57, 63, 64, 66, 69, 71, 72, 73) [0.9, 0.5127315866167547]
(1, 2, 4, 5, 7, 8, 9, 17, 21, 22, 24, 25, 27, 28, 29, 30, 31, 32, 33, 34, 42, 43, 44, 45, 46, 47, 49, 50, 51, 52, 53, 55, 57, 61, 63, 64, 66, 69, 71, 72, 73) [0.9, 0.5094176745911461]
(1, 2, 4, 5, 7, 8, 9, 10, 17, 21, 22, 24, 25, 27, 28, 29, 30, 31, 32, 33, 34, 40, 42, 43, 44, 45, 46, 47, 49, 50, 51, 53, 55, 57, 63, 64, 66, 69, 71, 72, 73) [0.9, 0.5068637123057439]
(1, 2, 4, 5, 7, 8, 9, 17, 21, 22, 24, 25, 27, 28, 29, 30, 31, 32, 33, 34, 40, 42, 43, 44, 45, 46, 47, 49, 50, 51, 53, 55, 57, 61, 63, 64, 66, 69, 71, 72, 73) [0.9, 0.4922454517660895]
(1, 2, 4, 5, 7, 8, 9, 21, 22, 24, 25, 27, 28, 29, 30, 31, 32, 33, 34, 35, 42, 43, 44, 45, 46, 47, 49, 50, 51, 53, 55, 56, 57, 61, 63, 64, 66, 69, 71, 72, 73) [0.9, 0.4916757442922612]
(1, 2, 4, 5, 7, 8, 9, 18, 21, 22, 24, 25, 27, 28, 29, 30, 31, 32, 33, 34, 35, 42, 43, 44, 45, 46, 47, 49, 50, 51, 52, 53, 55, 56, 57, 63, 64, 66, 71, 72, 73) [0.9, 0.4890637296036393]
(1, 2, 4, 5, 7, 8, 9, 10, 18, 21, 22, 24, 25, 27, 28, 29, 30, 31, 32, 33, 34, 35, 42, 43, 44, 45, 46, 47, 49, 50, 51, 53, 55, 56, 57, 63, 64, 66, 71, 72, 73) [0.9, 0.47229010716558495]
(1, 2, 4, 5, 7, 8, 9, 17, 18, 21, 22, 24, 25, 27, 28, 29, 30, 31, 32, 33, 34, 36, 42, 43, 44, 45, 46, 47, 49, 50, 51, 53, 55, 56, 57, 63, 64, 66, 71, 72, 73) [0.9, 0.457399484917719]
(1, 2, 4, 5, 7, 8, 9, 18, 21, 22, 24, 25, 27, 28, 29, 30, 31, 32, 33, 34, 42, 43, 44, 45, 46, 47, 49, 50, 51, 52, 53, 55, 56, 57, 63, 64, 66, 69, 71, 72, 73) [0.9, 0.45088674757799363]
(1, 2, 4, 5, 7, 8, 9, 21, 22, 24, 25, 27, 28, 29, 30, 31, 32, 33, 34, 42, 43, 44, 45, 46, 47, 49, 50, 51, 53, 55, 56, 57, 61, 63, 64, 66, 68, 69, 71, 72, 73) [0.9, 0.4485157719598922]
(1, 2, 4, 5, 7, 8, 9, 10, 21, 22, 24, 25, 27, 28, 29, 30, 31, 32, 33, 34, 42, 43, 44, 45, 46, 47, 49, 50, 51, 53, 55, 56, 57, 63, 64, 66, 68, 69, 71, 72, 73) [0.9, 0.43997848359660024]
(1, 2, 4, 5, 7, 8, 9, 10, 18, 21, 22, 24, 25, 27, 28, 29, 30, 31, 32, 33, 34, 42, 43, 44, 45, 46, 47, 49, 50, 51, 53, 55, 56, 57, 63, 64, 66, 69, 71, 72, 73) [0.9, 0.4385137588832822]
(1, 2, 4, 5, 7, 8, 9, 10, 15, 21, 22, 24, 25, 27, 28, 29, 30, 31, 32, 33, 34, 42, 43, 44, 45, 46, 47, 49, 50, 51, 53, 55, 57, 61, 63, 64, 66, 69, 71, 72, 73) [0.9, 0.4287926762428513]
(1, 2, 4, 5, 7, 8, 9, 10, 21, 22, 24, 25, 27, 28, 29, 30, 31, 32, 33, 34, 38, 40, 42, 43, 44, 45, 46, 47, 49, 50, 51, 53, 55, 57, 63, 64, 66, 69, 71, 72, 73) [0.9, 0.426330315268936]
(1, 2, 4, 5, 7, 8, 9, 10, 15, 21, 22, 24, 25, 27, 28, 29, 30, 31, 32, 33, 34, 35, 42, 43, 44, 45, 46, 47, 49, 50, 51, 53, 55, 57, 63, 64, 66, 69, 71, 72, 73) [0.9, 0.4257674563141678]
(1, 2, 4, 5, 7, 8, 9, 10, 17, 21, 22, 24, 25, 27, 28, 29, 30, 31, 32, 33, 34, 42, 43, 44, 45, 46, 47, 49, 50, 51, 53, 55, 57, 63, 64, 66, 68, 69, 71, 72, 73) [0.9, 0.41952033234264086]
(1, 2, 4, 5, 7, 8, 9, 18, 21, 22, 24, 25, 27, 28, 29, 30, 31, 32, 33, 34, 36, 42, 43, 44, 45, 46, 47, 48, 49, 50, 51, 53, 55, 56, 57, 63, 64, 66, 71, 72, 73) [0.9, 0.4192101090529918]
(1, 2, 4, 5, 7, 8, 9, 10, 15, 21, 22, 24, 25, 27, 28, 29, 30, 31, 32, 33, 34, 42, 43, 44, 45, 46, 47, 49, 50, 51, 52, 53, 55, 57, 63, 64, 66, 69, 71, 72, 73) [0.9, 0.4189910836295658]
(1, 2, 4, 5, 7, 8, 9, 15, 21, 22, 24, 25, 27, 28, 29, 30, 31, 32, 33, 34, 42, 43, 44, 45, 46, 47, 49, 50, 51, 52, 53, 55, 57, 61, 63, 64, 66, 69, 71, 72, 73) [0.9, 0.4165309430291178]
(1, 2, 4, 5, 7, 8, 9, 18, 21, 22, 24, 25, 27, 28, 29, 30, 31, 32, 33, 34, 42, 43, 44, 45, 46, 47, 49, 50, 51, 53, 55, 56, 57, 63, 64, 66, 68, 69, 71, 72, 73) [0.9, 0.4132109426719575]
(1, 2, 4, 5, 7, 8, 9, 15, 21, 22, 24, 25, 27, 28, 29, 30, 31, 32, 33, 34, 35, 42, 43, 44, 45, 46, 47, 49, 50, 51, 53, 55, 57, 61, 63, 64, 66, 69, 71, 72, 73) [0.9, 0.4113239334162008]
(1, 2, 4, 5, 7, 8, 9, 15, 18, 21, 22, 24, 25, 27, 28, 29, 30, 31, 32, 33, 34, 42, 43, 44, 45, 46, 47, 49, 50, 51, 53, 55, 56, 57, 63, 64, 66, 70, 71, 72, 73) [0.9, 0.41114303065333146]
(1, 2, 4, 5, 7, 8, 9, 17, 21, 22, 24, 25, 27, 28, 29, 30, 31, 32, 33, 34, 42, 43, 44, 45, 46, 47, 49, 50, 51, 53, 55, 57, 61, 63, 64, 66, 68, 69, 71, 72, 73) [0.9, 0.4078161508435807]
(1, 2, 4, 5, 7, 8, 9, 21, 22, 24, 25, 27, 28, 29, 30, 31, 32, 33, 34, 38, 40, 42, 43, 44, 45, 46, 47, 49, 50, 51, 53, 55, 57, 61, 63, 64, 66, 69, 71, 72, 73) [0.9, 0.40313138976869284]
(1, 2, 4, 5, 7, 8, 9, 10, 15, 21, 22, 24, 25, 27, 28, 29, 30, 31, 32, 33, 34, 42, 43, 44, 45, 46, 47, 49, 50, 51, 53, 55, 56, 57, 63, 64, 66, 69, 71, 72, 73) [0.9, 0.3965942937064543]
(2, 4, 5, 7, 8, 9, 10, 18, 21, 22, 24, 25, 27, 28, 29, 30, 31, 32, 33, 34, 35, 40, 42, 43, 44, 45, 46, 47, 49, 50, 51, 53, 55, 57, 63, 64, 66, 70, 71, 72, 73) [0.9, 0.3926698946261926]
(2, 4, 5, 7, 8, 9, 10, 18, 21, 22, 24, 27, 28, 29, 30, 31, 32, 33, 34, 35, 40, 42, 43, 44, 45, 46, 47, 49, 50, 51, 53, 55, 57, 61, 63, 64, 66, 70, 71, 72, 73) [0.9, 0.37948631082913936]
(2, 4, 5, 7, 8, 9, 18, 21, 22, 24, 25, 26, 27, 28, 29, 30, 31, 32, 33, 34, 35, 40, 42, 43, 44, 45, 46, 47, 49, 50, 51, 53, 55, 57, 63, 64, 66, 70, 71, 72, 73) [0.9, 0.3710960349884525]
(1, 2, 4, 5, 7, 8, 9, 10, 17, 21, 22, 24, 25, 27, 28, 29, 30, 31, 32, 33, 34, 42, 43, 44, 45, 46, 47, 49, 50, 51, 53, 55, 57, 63, 64, 66, 69, 70, 71, 72, 73) [0.9, 0.37075392136152824]
(1, 2, 4, 5, 7, 8, 9, 10, 17, 21, 22, 24, 25, 27, 28, 29, 30, 31, 32, 33, 34, 42, 43, 44, 45, 46, 47, 49, 50, 51, 53, 55, 57, 63, 64, 66, 67, 69, 71, 72, 73) [0.9, 0.3688613511807263]
(2, 4, 5, 7, 8, 9, 18, 21, 22, 24, 25, 26, 27, 28, 29, 30, 31, 32, 33, 34, 40, 42, 43, 44, 45, 46, 47, 49, 50, 51, 53, 55, 57, 61, 63, 64, 66, 70, 71, 72, 73) [0.9, 0.36293479950236235]
(2, 4, 5, 7, 8, 9, 10, 18, 21, 22, 24, 26, 27, 28, 29, 30, 31, 32, 33, 34, 40, 42, 43, 44, 45, 46, 47, 49, 50, 51, 53, 55, 57, 61, 63, 64, 66, 70, 71, 72, 73) [0.9, 0.3623776170757371]
(1, 2, 4, 5, 7, 8, 9, 17, 21, 22, 24, 25, 27, 28, 29, 30, 31, 32, 33, 34, 42, 43, 44, 45, 46, 47, 49, 50, 51, 53, 55, 57, 61, 63, 64, 66, 69, 70, 71, 72, 73) [0.9, 0.35884967289363273]
(1, 2, 4, 5, 7, 8, 9, 17, 21, 22, 24, 25, 27, 28, 29, 30, 31, 32, 33, 34, 42, 43, 44, 45, 46, 47, 49, 50, 51, 53, 55, 57, 61, 63, 64, 66, 67, 69, 71, 72, 73) [0.9, 0.35391025308732815]
(1, 2, 4, 5, 7, 8, 9, 18, 21, 22, 24, 25, 27, 28, 29, 30, 31, 32, 33, 34, 36, 42, 43, 44, 45, 46, 47, 49, 50, 51, 53, 55, 56, 57, 63, 64, 66, 69, 71, 72, 73) [0.9, 0.353844455955598]
(1, 2, 4, 5, 7, 8, 9, 18, 21, 22, 24, 25, 26, 27, 28, 29, 30, 31, 32, 33, 34, 42, 43, 44, 45, 46, 47, 49, 50, 51, 53, 55, 56, 57, 63, 64, 66, 69, 71, 72, 73) [0.9, 0.35346492567991233]
(2, 4, 5, 7, 8, 9, 10, 18, 21, 22, 24, 25, 27, 28, 29, 30, 31, 32, 33, 34, 40, 42, 43, 44, 45, 46, 47, 49, 50, 51, 53, 55, 57, 61, 63, 64, 66, 68, 71, 72, 73) [0.9, 0.3521692913586345]
(2, 4, 5, 7, 8, 9, 10, 18, 21, 22, 24, 25, 27, 28, 29, 30, 31, 32, 33, 34, 40, 42, 43, 44, 45, 46, 47, 49, 50, 51, 53, 55, 57, 61, 63, 64, 66, 67, 71, 72, 73) [0.9, 0.3486247665353252]
(2, 4, 5, 7, 8, 9, 10, 18, 21, 22, 24, 25, 27, 28, 29, 30, 31, 32, 33, 34, 35, 40, 42, 43, 44, 45, 46, 47, 49, 50, 51, 53, 55, 57, 63, 64, 66, 67, 71, 72, 73) [0.9, 0.34699262013136084]
(2, 4, 5, 7, 8, 9, 10, 18, 21, 22, 24, 25, 27, 28, 29, 30, 31, 32, 33, 34, 35, 40, 42, 43, 44, 45, 46, 47, 49, 50, 51, 53, 55, 57, 63, 64, 66, 68, 71, 72, 73) [0.9, 0.346990138574451]
(2, 4, 5, 7, 8, 9, 10, 18, 21, 22, 24, 27, 28, 29, 30, 31, 32, 33, 34, 35, 40, 42, 43, 44, 45, 46, 47, 49, 50, 51, 52, 53, 55, 57, 61, 63, 64, 66, 71, 72, 73) [0.9, 0.3427803040313429]
(1, 2, 4, 5, 7, 8, 9, 10, 15, 18, 21, 22, 24, 25, 27, 28, 29, 30, 31, 32, 33, 34, 42, 43, 44, 45, 46, 47, 49, 50, 51, 53, 55, 57, 63, 64, 66, 69, 71, 72, 73) [0.9, 0.341930694989759]
(2, 4, 5, 7, 8, 9, 18, 21, 22, 24, 25, 26, 27, 28, 29, 30, 31, 32, 33, 34, 35, 40, 42, 43, 44, 45, 46, 47, 49, 50, 51, 53, 55, 57, 63, 64, 66, 69, 71, 72, 73) [0.9, 0.3414685516406513]
(2, 4, 5, 7, 8, 9, 10, 18, 21, 22, 24, 27, 28, 29, 30, 31, 32, 33, 34, 40, 42, 43, 44, 45, 46, 47, 49, 50, 51, 53, 55, 57, 61, 63, 64, 66, 69, 70, 71, 72, 73) [0.9, 0.33978564038785003]
(2, 4, 5, 7, 8, 9, 10, 18, 21, 22, 24, 25, 27, 28, 29, 30, 31, 32, 33, 34, 40, 42, 43, 44, 45, 46, 47, 49, 50, 51, 53, 55, 56, 57, 61, 63, 64, 66, 71, 72, 73) [0.9, 0.33938291534828285]
(2, 4, 5, 7, 8, 9, 18, 21, 22, 24, 25, 27, 28, 29, 30, 31, 32, 33, 34, 40, 42, 43, 44, 45, 46, 47, 49, 50, 51, 53, 55, 57, 61, 63, 64, 66, 69, 70, 71, 72, 73) [0.9, 0.33913972377149887]
(2, 4, 5, 7, 8, 9, 10, 18, 21, 22, 24, 27, 28, 29, 30, 31, 32, 33, 34, 35, 40, 42, 43, 44, 45, 46, 47, 49, 50, 51, 53, 55, 57, 61, 63, 64, 66, 69, 71, 72, 73) [0.9, 0.3376257180437016]
(2, 4, 5, 7, 8, 9, 10, 18, 21, 22, 24, 25, 27, 28, 29, 30, 31, 32, 33, 34, 35, 40, 42, 43, 44, 45, 46, 47, 49, 50, 51, 53, 55, 56, 57, 63, 64, 66, 71, 72, 73) [0.9, 0.3339595049027036]
(1, 2, 4, 5, 7, 8, 9, 21, 22, 24, 25, 26, 27, 28, 29, 30, 31, 32, 33, 34, 42, 43, 44, 45, 46, 47, 49, 50, 51, 53, 55, 56, 57, 61, 63, 64, 66, 69, 71, 72, 73) [0.9, 0.3331248081502251]
(2, 4, 5, 7, 8, 9, 10, 18, 21, 22, 24, 27, 28, 29, 30, 31, 32, 33, 34, 35, 40, 42, 43, 44, 45, 46, 47, 49, 50, 51, 53, 55, 57, 61, 63, 64, 66, 67, 71, 72, 73) [0.9, 0.3311887317157301]
(2, 4, 5, 7, 8, 9, 18, 21, 22, 24, 25, 27, 28, 29, 30, 31, 32, 33, 34, 36, 40, 42, 43, 44, 45, 46, 47, 49, 50, 51, 53, 55, 57, 63, 64, 66, 67, 69, 71, 72, 73) [0.9, 0.33100273902393423]
(2, 4, 5, 7, 8, 9, 10, 18, 21, 22, 24, 27, 28, 29, 30, 31, 32, 33, 34, 35, 40, 42, 43, 44, 45, 46, 47, 49, 50, 51, 53, 55, 57, 61, 63, 64, 66, 68, 71, 72, 73) [0.9, 0.3265665678673128]
(2, 4, 5, 7, 8, 9, 10, 18, 21, 22, 24, 25, 26, 27, 28, 29, 30, 31, 32, 33, 34, 40, 42, 43, 44, 45, 46, 47, 49, 50, 51, 53, 55, 57, 63, 64, 66, 67, 71, 72, 73) [0.9, 0.3263069605628747]
(1, 2, 4, 5, 7, 8, 9, 21, 22, 24, 25, 27, 28, 29, 30, 31, 32, 33, 34, 36, 42, 43, 44, 45, 46, 47, 49, 50, 51, 53, 55, 56, 57, 61, 63, 64, 66, 69, 71, 72, 73) [0.9, 0.3248258614524318]
(2, 4, 5, 7, 8, 9, 10, 18, 21, 22, 24, 27, 28, 29, 30, 31, 32, 33, 34, 35, 40, 42, 43, 44, 45, 46, 47, 49, 50, 51, 53, 55, 56, 57, 61, 63, 64, 66, 71, 72, 73) [0.9, 0.32422555664375685]
(2, 4, 5, 7, 8, 9, 18, 21, 22, 24, 25, 27, 28, 29, 30, 31, 32, 33, 34, 35, 40, 42, 43, 44, 45, 46, 47, 49, 50, 51, 53, 55, 56, 57, 61, 63, 64, 66, 71, 72, 73) [0.9, 0.3237399348201189]
(1, 2, 4, 5, 7, 8, 9, 18, 21, 22, 24, 25, 27, 28, 29, 30, 31, 32, 33, 34, 40, 42, 43, 44, 45, 46, 47, 48, 49, 50, 51, 53, 55, 56, 57, 63, 64, 66, 71, 72, 73) [0.9, 0.3234189547881589]
(2, 4, 5, 7, 8, 9, 10, 18, 21, 22, 24, 25, 26, 27, 28, 29, 30, 31, 32, 33, 34, 40, 42, 43, 44, 45, 46, 47, 49, 50, 51, 53, 55, 57, 63, 64, 66, 68, 71, 72, 73) [0.9, 0.3233073148322518]
(2, 4, 5, 7, 8, 9, 18, 21, 22, 24, 25, 27, 28, 29, 30, 31, 32, 33, 34, 36, 40, 42, 43, 44, 45, 46, 47, 49, 50, 51, 53, 55, 56, 57, 61, 63, 64, 66, 71, 72, 73) [0.9, 0.3220445000057967]
(1, 2, 4, 5, 7, 8, 9, 15, 18, 21, 22, 24, 25, 27, 28, 29, 30, 31, 32, 33, 34, 36, 42, 43, 44, 45, 46, 47, 49, 50, 51, 53, 55, 56, 57, 63, 64, 66, 71, 72, 73) [0.9, 0.32003007323501276]
(2, 4, 5, 7, 8, 9, 18, 21, 22, 24, 25, 26, 27, 28, 29, 30, 31, 32, 33, 34, 40, 42, 43, 44, 45, 46, 47, 49, 50, 51, 53, 55, 57, 63, 64, 66, 69, 70, 71, 72, 73) [0.9, 0.32000902672370146]
(2, 4, 5, 7, 8, 9, 18, 21, 22, 24, 25, 27, 28, 29, 30, 31, 32, 33, 34, 35, 40, 42, 43, 44, 45, 46, 47, 49, 50, 51, 53, 55, 57, 61, 63, 64, 66, 68, 71, 72, 73) [0.9, 0.31973531480508205]
(1, 2, 4, 5, 7, 8, 9, 10, 21, 22, 24, 25, 27, 28, 29, 30, 31, 32, 33, 34, 36, 42, 43, 44, 45, 46, 47, 49, 50, 51, 53, 55, 56, 57, 63, 64, 66, 69, 71, 72, 73) [0.9, 0.31937142058759294]
(1, 2, 4, 5, 7, 8, 9, 17, 21, 22, 24, 25, 27, 28, 29, 30, 31, 32, 33, 34, 36, 42, 43, 44, 45, 46, 47, 49, 50, 51, 53, 55, 57, 61, 63, 64, 66, 69, 71, 72, 73) [0.9, 0.3180232658766929]
(1, 2, 4, 5, 7, 8, 9, 10, 17, 21, 22, 24, 25, 27, 28, 29, 30, 31, 32, 33, 34, 36, 42, 43, 44, 45, 46, 47, 49, 50, 51, 53, 55, 57, 63, 64, 66, 69, 71, 72, 73) [0.9, 0.31776607475639257]
(4, 5, 7, 8, 9, 10, 18, 21, 22, 24, 25, 26, 27, 28, 29, 30, 31, 32, 33, 34, 39, 42, 43, 44, 45, 46, 47, 49, 50, 51, 53, 55, 57, 61, 63, 64, 66, 70, 71, 72, 73) [0.9, 0.3173277259982883]
(2, 4, 5, 7, 8, 9, 10, 18, 21, 22, 24, 25, 27, 28, 29, 30, 31, 32, 33, 34, 40, 42, 43, 44, 45, 46, 47, 49, 50, 51, 53, 55, 57, 63, 64, 66, 67, 70, 71, 72, 73) [0.9, 0.31649449293389736]
(2, 4, 5, 7, 8, 9, 18, 21, 22, 24, 25, 27, 28, 29, 30, 31, 32, 33, 34, 35, 36, 40, 42, 43, 44, 45, 46, 47, 49, 50, 51, 53, 55, 56, 57, 63, 64, 66, 71, 72, 73) [0.9, 0.3161975742511152]
(2, 4, 5, 7, 8, 9, 10, 18, 21, 22, 24, 26, 27, 28, 29, 30, 31, 32, 33, 34, 40, 42, 43, 44, 45, 46, 47, 49, 50, 51, 53, 55, 57, 61, 63, 64, 66, 67, 71, 72, 73) [0.9, 0.3160724781263669]
(2, 4, 5, 7, 8, 9, 10, 18, 21, 22, 24, 25, 27, 28, 29, 30, 31, 32, 33, 34, 40, 42, 43, 44, 45, 46, 47, 49, 50, 51, 53, 55, 57, 63, 64, 66, 68, 69, 71, 72, 73) [0.9, 0.31461092628549897]
(2, 4, 5, 7, 8, 9, 10, 18, 21, 22, 24, 25, 27, 28, 29, 30, 31, 32, 33, 34, 40, 42, 43, 44, 45, 46, 47, 49, 50, 51, 53, 55, 57, 63, 64, 66, 67, 69, 71, 72, 73) [0.9, 0.313814668368349]
(1, 2, 4, 5, 7, 8, 9, 18, 21, 22, 24, 25, 27, 28, 29, 30, 31, 32, 33, 34, 42, 43, 44, 45, 46, 47, 48, 49, 50, 51, 52, 53, 55, 56, 57, 63, 64, 66, 71, 72, 73) [0.9, 0.3126747124608413]
(1, 2, 4, 5, 7, 8, 9, 10, 21, 22, 24, 25, 26, 27, 28, 29, 30, 31, 32, 33, 34, 42, 43, 44, 45, 46, 47, 49, 50, 51, 53, 55, 56, 57, 63, 64, 66, 69, 71, 72, 73) [0.9, 0.31111002159452683]
(2, 4, 5, 7, 8, 9, 10, 18, 21, 22, 24, 25, 27, 28, 29, 30, 31, 32, 33, 34, 40, 42, 43, 44, 45, 46, 47, 49, 50, 51, 53, 55, 56, 57, 63, 64, 66, 69, 71, 72, 73) [0.9, 0.3105258513117353]
(1, 2, 4, 5, 7, 8, 9, 18, 21, 22, 24, 25, 27, 28, 29, 30, 31, 32, 33, 34, 42, 43, 44, 45, 46, 47, 48, 49, 50, 51, 53, 55, 56, 57, 61, 63, 64, 66, 71, 72, 73) [0.9, 0.3098264652586657]
(2, 4, 5, 7, 8, 9, 10, 18, 21, 22, 24, 26, 27, 28, 29, 30, 31, 32, 33, 34, 40, 42, 43, 44, 45, 46, 47, 49, 50, 51, 53, 55, 57, 61, 63, 64, 66, 68, 71, 72, 73) [0.9, 0.3096645066641894]
(4, 5, 7, 8, 9, 10, 18, 21, 22, 24, 25, 26, 27, 28, 29, 30, 31, 32, 33, 34, 35, 39, 42, 43, 44, 45, 46, 47, 50, 51, 53, 55, 57, 61, 63, 64, 66, 69, 71, 72, 73) [0.9, 0.3094832245009]
(2, 4, 5, 7, 8, 9, 10, 18, 21, 22, 24, 25, 27, 28, 29, 30, 31, 32, 33, 34, 40, 42, 43, 44, 45, 46, 47, 49, 50, 51, 53, 55, 57, 63, 64, 66, 68, 70, 71, 72, 73) [0.9, 0.30941251500212813]
