(4, 5, 7, 8, 9, 10, 21, 22, 24, 25, 27, 28, 29, 30, 31, 32, 33, 34, 42, 43, 44, 45, 46, 47, 50, 51, 53, 55, 57, 61, 63, 64, 66, 71, 72, 73) [0.9, 0.4023180670645028]
(4, 5, 7, 8, 9, 21, 22, 24, 27, 28, 29, 30, 31, 32, 33, 34, 39, 42, 43, 44, 45, 46, 47, 50, 51, 53, 55, 57, 61, 63, 64, 66, 70, 71, 72, 73) [0.9, 0.39408308444315815]
(4, 5, 7, 8, 9, 10, 21, 22, 24, 27, 28, 29, 30, 31, 32, 33, 34, 39, 42, 43, 44, 45, 46, 47, 51, 53, 55, 57, 61, 63, 64, 66, 70, 71, 72, 73) [0.9, 0.39211881352132555]
(4, 5, 7, 8, 9, 10, 21, 22, 24, 25, 27, 28, 29, 30, 31, 32, 33, 34, 39, 42, 43, 44, 45, 46, 47, 51, 53, 55, 57, 63, 64, 66, 70, 71, 72, 73) [0.9, 0.391894023360351]
(4, 5, 7, 8, 9, 10, 21, 22, 24, 27, 28, 29, 30, 31, 32, 33, 34, 39, 42, 43, 44, 45, 46, 47, 50, 51, 53, 55, 57, 63, 64, 66, 70, 71, 72, 73) [0.9, 0.39146742866589257]
(4, 5, 7, 9, 10, 21, 22, 24, 27, 28, 29, 30, 31, 32, 33, 34, 39, 42, 43, 44, 45, 46, 47, 50, 51, 53, 55, 57, 61, 63, 64, 66, 70, 71, 72, 73) [0.9, 0.38970910770827877]
(4, 5, 7, 8, 9, 10, 21, 22, 24, 27, 28, 29, 30, 31, 32, 33, 34, 39, 42, 43, 44, 45, 46, 47, 50, 51, 53, 55, 57, 61, 63, 64, 66, 70, 72, 73) [0.9, 0.3894270625052532]
(4, 5, 7, 8, 9, 21, 22, 24, 25, 27, 28, 29, 30, 31, 32, 33, 34, 39, 42, 43, 44, 45, 46, 47, 51, 53, 55, 57, 61, 63, 64, 66, 70, 71, 72, 73) [0.9, 0.38773956969575024]
(4, 5, 7, 8, 9, 21, 22, 24, 25, 27, 28, 29, 30, 31, 32, 33, 34, 39, 42, 43, 44, 45, 46, 47, 50, 51, 53, 55, 57, 63, 64, 66, 70, 71, 72, 73) [0.9, 0.3875010080361501]
(4, 5, 7, 9, 21, 22, 24, 25, 27, 28, 29, 30, 31, 32, 33, 34, 39, 42, 43, 44, 45, 46, 47, 50, 51, 53, 55, 57, 61, 63, 64, 66, 70, 71, 72, 73) [0.9, 0.3857045617940225]
(4, 5, 7, 8, 9, 21, 22, 24, 25, 27, 28, 29, 30, 31, 32, 33, 34, 39, 42, 43, 44, 45, 46, 47, 50, 51, 53, 55, 57, 61, 63, 64, 66, 70, 72, 73) [0.9, 0.38554328569926355]
(4, 5, 7, 9, 10, 21, 22, 24, 25, 27, 28, 29, 30, 31, 32, 33, 34, 39, 42, 43, 44, 45, 46, 47, 51, 53, 55, 57, 61, 63, 64, 66, 70, 71, 72, 73) [0.9, 0.38523945874685445]
(4, 5, 7, 8, 9, 10, 21, 22, 24, 27, 28, 29, 30, 31, 32, 33, 34, 39, 42, 43, 44, 45, 46, 47, 50, 51, 53, 55, 57, 61, 63, 64, 70, 71, 72, 73) [0.9, 0.38403537766831936]
(4, 5, 7, 9, 10, 21, 22, 24, 25, 27, 28, 29, 30, 31, 32, 33, 34, 39, 42, 43, 44, 45, 46, 47, 50, 51, 53, 55, 57, 63, 64, 66, 70, 71, 72, 73) [0.9, 0.382444260290205]
(4, 5, 7, 8, 9, 10, 21, 22, 24, 27, 28, 29, 30, 31, 32, 33, 34, 39, 42, 43, 44, 45, 46, 47, 50, 51, 53, 55, 57, 61, 63, 64, 66, 70, 71, 73) [0.9, 0.38196227487135387]
(4, 5, 7, 8, 9, 10, 21, 22, 24, 25, 27, 28, 29, 30, 31, 32, 33, 34, 39, 42, 43, 44, 45, 46, 47, 51, 53, 55, 57, 61, 63, 64, 66, 70, 72, 73) [0.9, 0.38040833442760036]
(4, 5, 7, 8, 9, 10, 21, 22, 24, 25, 27, 28, 29, 30, 31, 32, 33, 34, 39, 42, 43, 44, 45, 46, 47, 51, 53, 55, 57, 61, 63, 64, 70, 71, 72, 73) [0.9, 0.37260428019027964]
(4, 5, 7, 8, 9, 21, 22, 24, 27, 28, 29, 30, 31, 32, 33, 34, 35, 39, 42, 43, 44, 45, 46, 47, 50, 51, 53, 55, 57, 61, 63, 64, 66, 71, 72, 73) [0.9, 0.3723513307194188]
(4, 5, 7, 8, 9, 10, 21, 22, 24, 25, 26, 27, 28, 29, 30, 31, 32, 33, 34, 42, 43, 44, 45, 46, 47, 50, 51, 53, 55, 57, 63, 64, 66, 71, 72, 73) [0.9, 0.3668889380878552]
(4, 5, 7, 8, 9, 21, 22, 24, 25, 27, 28, 29, 30, 31, 32, 33, 34, 35, 39, 42, 43, 44, 45, 46, 47, 50, 51, 53, 55, 57, 63, 64, 66, 71, 72, 73) [0.9, 0.3634504668390515]
(4, 5, 7, 8, 9, 10, 21, 22, 24, 27, 28, 29, 30, 31, 32, 33, 34, 35, 39, 42, 43, 44, 45, 46, 47, 51, 53, 55, 57, 61, 63, 64, 66, 71, 72, 73) [0.9, 0.36291223385871635]
(4, 5, 7, 9, 21, 22, 24, 25, 27, 28, 29, 30, 31, 32, 33, 34, 35, 39, 42, 43, 44, 45, 46, 47, 50, 51, 53, 55, 57, 61, 63, 64, 66, 71, 72, 73) [0.9, 0.36207160981731806]
(4, 5, 7, 8, 9, 10, 21, 22, 24, 27, 28, 29, 30, 31, 32, 33, 34, 35, 39, 42, 43, 44, 45, 46, 47, 50, 51, 53, 55, 57, 63, 64, 66, 71, 72, 73) [0.9, 0.359872252630109]
(4, 5, 7, 8, 9, 21, 22, 24, 25, 27, 28, 29, 30, 31, 32, 33, 34, 35, 39, 42, 43, 44, 45, 46, 47, 50, 51, 53, 55, 57, 61, 63, 64, 66, 72, 73) [0.9, 0.35946968567312637]
(4, 5, 7, 8, 9, 21, 22, 24, 25, 27, 28, 29, 30, 31, 32, 33, 34, 35, 39, 42, 43, 44, 45, 46, 47, 51, 53, 55, 57, 61, 63, 64, 66, 71, 72, 73) [0.9, 0.3594300067910199]
(4, 5, 7, 9, 10, 21, 22, 24, 27, 28, 29, 30, 31, 32, 33, 34, 35, 39, 42, 43, 44, 45, 46, 47, 50, 51, 53, 55, 57, 61, 63, 64, 66, 71, 72, 73) [0.9, 0.35879988746243247]
(4, 5, 7, 8, 9, 10, 21, 22, 24, 25, 27, 28, 29, 30, 31, 32, 33, 34, 35, 39, 42, 43, 44, 45, 46, 47, 51, 53, 55, 57, 63, 64, 66, 71, 72, 73) [0.9, 0.35863984607301225]
(4, 5, 7, 8, 9, 10, 21, 22, 24, 27, 28, 29, 30, 31, 32, 33, 34, 35, 39, 42, 43, 44, 45, 46, 47, 50, 51, 53, 55, 57, 61, 63, 64, 71, 72, 73) [0.9, 0.3573121252074796]
(4, 5, 7, 8, 9, 10, 21, 22, 24, 27, 28, 29, 30, 31, 32, 33, 34, 35, 39, 42, 43, 44, 45, 46, 47, 50, 51, 53, 55, 57, 61, 63, 64, 66, 72, 73) [0.9, 0.35720867545857243]
(4, 5, 7, 8, 9, 10, 21, 22, 24, 25, 27, 28, 29, 30, 31, 32, 33, 34, 35, 42, 43, 44, 45, 46, 47, 50, 51, 53, 55, 57, 63, 64, 66, 71, 72, 73) [0.9, 0.35671071409985083]
(4, 5, 7, 9, 10, 21, 22, 24, 25, 27, 28, 29, 30, 31, 32, 33, 34, 35, 39, 42, 43, 44, 45, 46, 47, 51, 53, 55, 57, 61, 63, 64, 66, 71, 72, 73) [0.9, 0.3547774016812702]
(4, 5, 7, 8, 9, 10, 21, 22, 24, 27, 28, 29, 30, 31, 32, 33, 34, 35, 39, 42, 43, 44, 45, 46, 47, 50, 51, 53, 55, 57, 61, 63, 64, 66, 71, 73) [0.9, 0.35368403153278977]
(4, 5, 7, 8, 9, 10, 21, 22, 24, 25, 27, 28, 29, 30, 31, 32, 33, 34, 35, 39, 42, 43, 44, 45, 46, 47, 50, 51, 53, 55, 57, 63, 64, 71, 72, 73) [0.9, 0.35359745474046234]
(4, 5, 7, 8, 9, 21, 22, 24, 25, 27, 28, 29, 30, 31, 32, 33, 34, 36, 42, 43, 44, 45, 46, 47, 49, 50, 51, 53, 55, 57, 63, 64, 66, 71, 72, 73) [0.9, 0.3525650739133785]
(4, 5, 7, 8, 9, 10, 21, 22, 24, 25, 27, 28, 29, 30, 31, 32, 33, 34, 35, 39, 42, 43, 44, 45, 46, 47, 51, 53, 55, 57, 61, 63, 64, 66, 72, 73) [0.9, 0.35115296338327234]
(4, 5, 7, 8, 9, 10, 20, 21, 22, 24, 27, 28, 29, 30, 31, 32, 33, 34, 39, 42, 43, 44, 45, 46, 47, 50, 51, 53, 55, 57, 63, 64, 66, 71, 72, 73) [0.9, 0.3507341957734225]
(4, 5, 7, 8, 9, 10, 21, 22, 24, 25, 27, 28, 29, 30, 31, 32, 33, 34, 35, 39, 42, 43, 44, 45, 46, 47, 50, 51, 53, 55, 57, 63, 64, 66, 71, 73) [0.9, 0.34937489561360163]
(4, 5, 7, 9, 10, 21, 22, 24, 25, 27, 28, 29, 30, 31, 32, 33, 34, 35, 39, 42, 43, 44, 45, 46, 47, 50, 51, 53, 55, 57, 63, 64, 66, 71, 72, 73) [0.9, 0.34932210241701805]
(4, 5, 7, 8, 9, 10, 21, 22, 24, 25, 27, 28, 29, 30, 31, 32, 33, 34, 35, 39, 43, 44, 45, 46, 47, 50, 51, 53, 55, 57, 63, 64, 66, 71, 72, 73) [0.9, 0.3489080938392883]
(4, 5, 7, 8, 9, 10, 21, 22, 24, 25, 27, 28, 29, 30, 31, 32, 33, 35, 39, 42, 43, 44, 45, 46, 47, 50, 51, 53, 55, 57, 63, 64, 66, 71, 72, 73) [0.9, 0.34882324242829665]
(4, 5, 7, 8, 9, 10, 21, 22, 24, 25, 27, 28, 29, 30, 31, 32, 33, 34, 42, 43, 44, 45, 46, 47, 50, 51, 53, 55, 57, 63, 64, 66, 69, 71, 72, 73) [0.9, 0.34828027753448954]
(4, 5, 7, 8, 9, 10, 21, 22, 24, 25, 27, 28, 29, 30, 31, 32, 33, 34, 35, 39, 42, 43, 44, 45, 46, 50, 51, 53, 55, 57, 63, 64, 66, 71, 72, 73) [0.9, 0.34787091933361997]
(4, 5, 7, 8, 9, 10, 21, 22, 24, 25, 27, 28, 29, 30, 31, 32, 33, 34, 39, 42, 43, 44, 45, 46, 47, 51, 53, 55, 57, 61, 63, 64, 66, 71, 72, 73) [0.9, 0.34778883610999656]
(4, 5, 7, 8, 9, 10, 21, 22, 24, 25, 27, 28, 29, 30, 31, 32, 33, 34, 35, 39, 42, 43, 44, 45, 46, 47, 50, 51, 53, 55, 57, 63, 64, 66, 72, 73) [0.9, 0.34769927876678813]
(4, 5, 7, 8, 9, 10, 21, 22, 24, 25, 27, 28, 29, 30, 31, 32, 33, 34, 35, 39, 42, 43, 44, 46, 47, 50, 51, 53, 55, 57, 63, 64, 66, 71, 72, 73) [0.9, 0.3470974779519463]
(4, 5, 7, 8, 9, 10, 21, 22, 24, 25, 27, 28, 30, 31, 32, 33, 34, 35, 39, 42, 43, 44, 45, 46, 47, 50, 51, 53, 55, 57, 63, 64, 66, 71, 72, 73) [0.9, 0.34669773821745875]
(4, 5, 7, 8, 9, 10, 21, 22, 25, 27, 28, 29, 30, 31, 32, 33, 34, 35, 39, 42, 43, 44, 45, 46, 47, 50, 51, 53, 55, 57, 63, 64, 66, 71, 72, 73) [0.9, 0.34575789827262]
(2, 4, 5, 7, 8, 9, 21, 22, 24, 25, 27, 28, 29, 30, 31, 32, 33, 34, 42, 43, 44, 45, 46, 47, 49, 50, 51, 53, 55, 57, 63, 64, 66, 71, 72, 73) [0.9, 0.3457540114069662]
(4, 5, 7, 8, 9, 10, 21, 22, 24, 27, 28, 29, 30, 31, 32, 33, 34, 39, 42, 43, 44, 45, 46, 47, 50, 51, 53, 55, 57, 61, 63, 64, 66, 71, 72, 73) [0.9, 0.3454815151769086]
(4, 5, 7, 8, 9, 10, 21, 22, 24, 25, 27, 28, 29, 30, 31, 32, 33, 34, 35, 39, 42, 43, 44, 45, 46, 47, 51, 53, 55, 57, 61, 63, 64, 71, 72, 73) [0.9, 0.3454809118714726]
(4, 5, 7, 8, 9, 10, 21, 22, 24, 25, 27, 28, 29, 30, 32, 33, 34, 35, 39, 42, 43, 44, 45, 46, 47, 50, 51, 53, 55, 57, 63, 64, 66, 71, 72, 73) [0.9, 0.34500284252349295]
(4, 5, 7, 8, 9, 10, 21, 22, 24, 25, 27, 28, 29, 30, 31, 32, 33, 34, 35, 39, 42, 43, 44, 45, 46, 47, 50, 53, 55, 57, 63, 64, 66, 71, 72, 73) [0.9, 0.3449857779409869]
(4, 5, 7, 8, 9, 10, 21, 22, 24, 25, 27, 28, 29, 30, 31, 32, 33, 34, 35, 39, 42, 43, 44, 45, 47, 50, 51, 53, 55, 57, 63, 64, 66, 71, 72, 73) [0.9, 0.34493297807855977]
(4, 5, 7, 8, 9, 10, 21, 22, 24, 25, 27, 28, 29, 30, 31, 32, 33, 34, 35, 39, 42, 43, 44, 45, 46, 47, 50, 51, 53, 55, 63, 64, 66, 71, 72, 73) [0.9, 0.3448910870724862]
(4, 5, 7, 8, 9, 10, 21, 22, 24, 25, 27, 28, 29, 30, 31, 32, 33, 34, 35, 39, 42, 44, 45, 46, 47, 50, 51, 53, 55, 57, 63, 64, 66, 71, 72, 73) [0.9, 0.3448332235542317]
(4, 5, 7, 8, 9, 10, 21, 22, 24, 25, 27, 28, 29, 30, 31, 32, 33, 34, 35, 39, 42, 43, 45, 46, 47, 50, 51, 53, 55, 57, 63, 64, 66, 71, 72, 73) [0.9, 0.34476797907326623]
(4, 5, 7, 8, 9, 10, 21, 22, 24, 25, 27, 29, 30, 31, 32, 33, 34, 35, 39, 42, 43, 44, 45, 46, 47, 50, 51, 53, 55, 57, 63, 64, 66, 71, 72, 73) [0.9, 0.34476363027287427]
(4, 5, 7, 8, 9, 10, 21, 22, 24, 25, 27, 28, 29, 31, 32, 33, 34, 35, 39, 42, 43, 44, 45, 46, 47, 50, 51, 53, 55, 57, 63, 64, 66, 71, 72, 73) [0.9, 0.3446664560556707]
(4, 5, 7, 8, 9, 10, 21, 22, 24, 25, 27, 28, 29, 30, 31, 32, 33, 34, 42, 43, 44, 45, 46, 47, 50, 51, 53, 55, 57, 61, 63, 64, 66, 69, 72, 73) [0.9, 0.3443452408923086]
(4, 5, 7, 9, 10, 21, 22, 24, 25, 27, 28, 29, 30, 31, 32, 33, 34, 42, 43, 44, 45, 46, 47, 50, 51, 53, 55, 57, 61, 63, 64, 66, 69, 71, 72, 73) [0.9, 0.3405299560302457]
(4, 5, 7, 8, 9, 21, 22, 24, 25, 27, 28, 29, 30, 31, 32, 33, 34, 39, 42, 43, 44, 45, 46, 47, 50, 51, 53, 55, 57, 61, 63, 64, 66, 71, 72, 73) [0.9, 0.3391878345998405]
(4, 5, 7, 8, 9, 10, 21, 22, 24, 27, 28, 29, 30, 31, 32, 33, 34, 42, 43, 44, 45, 46, 47, 50, 51, 53, 55, 57, 61, 63, 64, 66, 69, 71, 72, 73) [0.9, 0.3386646760761587]
(4, 5, 7, 8, 9, 10, 21, 22, 24, 25, 27, 28, 29, 30, 31, 32, 33, 34, 35, 39, 42, 43, 44, 45, 46, 47, 50, 51, 53, 55, 57, 64, 66, 71, 72, 73) [0.9, 0.33746131449813266]
(4, 5, 7, 9, 10, 21, 22, 24, 25, 27, 28, 29, 30, 31, 32, 33, 34, 39, 42, 43, 44, 45, 46, 47, 50, 51, 53, 55, 57, 61, 63, 64, 66, 71, 72, 73) [0.9, 0.3370555801117498]
(4, 5, 7, 8, 9, 10, 21, 22, 24, 25, 27, 28, 29, 30, 31, 32, 33, 34, 39, 42, 43, 44, 45, 46, 47, 50, 51, 53, 55, 57, 61, 63, 64, 66, 72, 73) [0.9, 0.3368955618172819]
(4, 5, 7, 9, 10, 21, 22, 24, 25, 26, 27, 28, 29, 30, 31, 32, 33, 34, 42, 43, 44, 45, 46, 47, 50, 51, 53, 55, 57, 61, 63, 64, 66, 71, 72, 73) [0.9, 0.33661872466831105]
(4, 5, 7, 8, 9, 21, 22, 24, 25, 27, 28, 29, 30, 31, 32, 33, 34, 42, 43, 44, 45, 46, 47, 49, 50, 51, 53, 55, 57, 61, 63, 64, 66, 71, 72, 73) [0.9, 0.336519696398537]
(4, 5, 7, 8, 9, 10, 21, 22, 24, 25, 27, 28, 29, 30, 31, 32, 33, 34, 39, 42, 43, 44, 45, 46, 47, 50, 51, 53, 55, 57, 63, 64, 66, 71, 72, 73) [0.9, 0.3359078543243301]
(4, 5, 7, 8, 9, 10, 21, 22, 24, 26, 27, 28, 29, 30, 31, 32, 33, 34, 42, 43, 44, 45, 46, 47, 50, 51, 53, 55, 57, 61, 63, 64, 66, 71, 72, 73) [0.9, 0.335389656535891]
(4, 5, 7, 8, 9, 21, 22, 24, 25, 27, 28, 29, 30, 31, 32, 33, 34, 42, 43, 44, 45, 46, 47, 50, 51, 53, 55, 57, 61, 63, 64, 66, 69, 71, 72, 73) [0.9, 0.33538474965798315]
(4, 5, 7, 8, 9, 10, 21, 22, 24, 25, 27, 28, 29, 30, 31, 32, 33, 34, 39, 42, 43, 44, 45, 46, 47, 50, 51, 53, 55, 57, 61, 63, 64, 71, 72, 73) [0.9, 0.33429967847173075]
(4, 5, 7, 8, 9, 10, 21, 22, 24, 25, 27, 28, 29, 30, 31, 32, 33, 34, 42, 43, 44, 45, 46, 47, 50, 51, 53, 55, 57, 61, 64, 66, 69, 71, 72, 73) [0.9, 0.3337836235417308]
(4, 5, 7, 8, 9, 10, 21, 22, 24, 25, 27, 28, 29, 30, 31, 32, 33, 34, 35, 42, 43, 44, 45, 46, 47, 50, 51, 53, 55, 57, 61, 64, 66, 71, 72, 73) [0.9, 0.33373953901284353]
(4, 5, 7, 8, 9, 10, 21, 22, 24, 25, 26, 27, 28, 29, 30, 31, 32, 33, 34, 42, 43, 44, 45, 46, 47, 50, 51, 53, 55, 57, 61, 63, 64, 66, 72, 73) [0.9, 0.3326791380414223]
(4, 5, 7, 8, 9, 10, 21, 22, 24, 25, 27, 28, 29, 30, 31, 32, 33, 34, 39, 43, 44, 45, 46, 47, 50, 51, 53, 55, 57, 61, 63, 64, 66, 71, 72, 73) [0.9, 0.3323729659251611]
(4, 5, 7, 8, 9, 10, 20, 21, 22, 24, 25, 27, 28, 29, 30, 31, 32, 33, 34, 39, 42, 43, 44, 45, 46, 47, 51, 53, 55, 57, 63, 64, 66, 71, 72, 73) [0.9, 0.33162459423975194]
(4, 5, 7, 8, 9, 10, 21, 22, 24, 25, 27, 28, 29, 30, 31, 32, 33, 34, 42, 43, 44, 45, 46, 47, 50, 51, 53, 55, 57, 61, 63, 64, 69, 71, 72, 73) [0.9, 0.3312484200755745]
(4, 5, 7, 8, 9, 10, 21, 22, 24, 25, 27, 28, 29, 30, 31, 32, 33, 34, 42, 43, 44, 45, 46, 47, 50, 51, 53, 55, 57, 61, 63, 64, 66, 69, 71, 73) [0.9, 0.33102949249569164]
(4, 5, 7, 8, 9, 10, 21, 22, 24, 25, 27, 28, 29, 30, 31, 32, 33, 34, 39, 42, 43, 44, 45, 46, 47, 50, 51, 53, 55, 57, 61, 63, 64, 66, 71, 73) [0.9, 0.3309538104077222]
(4, 5, 7, 8, 9, 10, 21, 22, 24, 25, 27, 28, 29, 30, 31, 32, 33, 34, 39, 42, 43, 44, 45, 46, 50, 51, 53, 55, 57, 61, 63, 64, 66, 71, 72, 73) [0.9, 0.33066069347718835]
(4, 5, 7, 8, 9, 10, 21, 22, 24, 25, 27, 28, 29, 30, 31, 32, 33, 34, 42, 43, 44, 45, 46, 47, 51, 53, 55, 57, 61, 63, 64, 66, 69, 71, 72, 73) [0.9, 0.3301006575229613]
(4, 5, 7, 8, 9, 10, 21, 22, 24, 25, 27, 28, 29, 30, 31, 32, 33, 42, 43, 44, 45, 46, 47, 50, 51, 53, 55, 57, 61, 63, 64, 66, 69, 71, 72, 73) [0.9, 0.32999898074575507]
(4, 5, 7, 8, 9, 10, 21, 22, 24, 25, 27, 28, 29, 30, 31, 32, 33, 34, 39, 42, 43, 44, 46, 47, 50, 51, 53, 55, 57, 61, 63, 64, 66, 71, 72, 73) [0.9, 0.3290044169667229]
(4, 5, 7, 8, 9, 10, 21, 22, 24, 25, 27, 28, 29, 30, 31, 32, 33, 39, 42, 43, 44, 45, 46, 47, 50, 51, 53, 55, 57, 61, 63, 64, 66, 71, 72, 73) [0.9, 0.3284912440000663]
(4, 5, 7, 8, 9, 10, 21, 22, 24, 25, 27, 28, 29, 30, 31, 32, 33, 34, 42, 43, 44, 45, 46, 50, 51, 53, 55, 57, 61, 63, 64, 66, 69, 71, 72, 73) [0.9, 0.3284292777116913]
(4, 5, 7, 8, 9, 10, 21, 22, 24, 25, 27, 28, 29, 30, 31, 32, 33, 34, 39, 42, 43, 45, 46, 47, 50, 51, 53, 55, 57, 61, 63, 64, 66, 71, 72, 73) [0.9, 0.327953633461557]
(4, 5, 7, 8, 9, 10, 21, 22, 25, 27, 28, 29, 30, 31, 32, 33, 34, 42, 43, 44, 45, 46, 47, 50, 51, 53, 55, 57, 61, 63, 64, 66, 69, 71, 72, 73) [0.9, 0.32784118453815336]
(4, 5, 7, 9, 10, 21, 22, 24, 25, 27, 28, 29, 30, 31, 32, 33, 34, 35, 42, 43, 44, 45, 46, 47, 50, 51, 53, 55, 57, 61, 63, 64, 66, 71, 72, 73) [0.9, 0.3273114995512467]
(4, 5, 7, 8, 9, 10, 21, 22, 24, 27, 28, 29, 30, 31, 32, 33, 34, 42, 43, 44, 45, 46, 47, 49, 50, 51, 53, 55, 57, 61, 63, 64, 66, 71, 72, 73) [0.9, 0.3270004687240836]
(4, 5, 7, 8, 9, 10, 21, 22, 24, 25, 27, 28, 30, 31, 32, 33, 34, 42, 43, 44, 45, 46, 47, 50, 51, 53, 55, 57, 61, 63, 64, 66, 69, 71, 72, 73) [0.9, 0.3263546097084113]
(4, 5, 7, 8, 9, 10, 21, 22, 24, 25, 27, 28, 29, 30, 31, 32, 33, 34, 35, 42, 43, 44, 45, 46, 47, 50, 51, 53, 55, 57, 61, 63, 64, 66, 72, 73) [0.9, 0.32631313493150255]
(4, 5, 7, 8, 9, 10, 21, 22, 24, 25, 27, 28, 30, 31, 32, 33, 34, 39, 42, 43, 44, 45, 46, 47, 50, 51, 53, 55, 57, 61, 63, 64, 66, 71, 72, 73) [0.9, 0.3262920631204152]
(4, 5, 7, 8, 9, 10, 21, 22, 25, 27, 28, 29, 30, 31, 32, 33, 34, 39, 42, 43, 44, 45, 46, 47, 50, 51, 53, 55, 57, 61, 63, 64, 66, 71, 72, 73) [0.9, 0.3262518833292597]
(4, 5, 7, 8, 9, 10, 21, 22, 24, 25, 27, 28, 29, 30, 31, 32, 33, 34, 43, 44, 45, 46, 47, 50, 51, 53, 55, 57, 61, 63, 64, 66, 69, 71, 72, 73) [0.9, 0.32562756091539824]
(4, 5, 7, 8, 9, 10, 21, 22, 24, 25, 27, 28, 29, 30, 32, 33, 34, 39, 42, 43, 44, 45, 46, 47, 50, 51, 53, 55, 57, 61, 63, 64, 66, 71, 72, 73) [0.9, 0.3255750245484316]
(4, 5, 7, 8, 9, 10, 21, 22, 24, 25, 27, 28, 29, 30, 31, 32, 33, 34, 39, 42, 43, 44, 45, 47, 50, 51, 53, 55, 57, 61, 63, 64, 66, 71, 72, 73) [0.9, 0.32551116234934424]
(4, 5, 7, 8, 9, 10, 21, 22, 24, 25, 27, 28, 29, 30, 31, 32, 33, 34, 39, 42, 43, 44, 45, 46, 47, 50, 51, 53, 55, 61, 63, 64, 66, 71, 72, 73) [0.9, 0.3254728703363014]
(4, 5, 7, 8, 9, 10, 21, 22, 24, 25, 27, 28, 29, 30, 31, 32, 33, 34, 39, 42, 44, 45, 46, 47, 50, 51, 53, 55, 57, 61, 63, 64, 66, 71, 72, 73) [0.9, 0.3254199780827717]
(4, 5, 7, 8, 9, 10, 21, 22, 24, 25, 27, 29, 30, 31, 32, 33, 34, 39, 42, 43, 44, 45, 46, 47, 50, 51, 53, 55, 57, 61, 63, 64, 66, 71, 72, 73) [0.9, 0.3253563638357624]
(4, 5, 7, 8, 9, 10, 21, 22, 24, 25, 27, 28, 29, 31, 32, 33, 34, 39, 42, 43, 44, 45, 46, 47, 50, 51, 53, 55, 57, 61, 63, 64, 66, 71, 72, 73) [0.9, 0.32526753826016236]
