(1, 2, 4, 5, 7, 8, 9, 10, 17, 21, 22, 24, 25, 27, 28, 29, 30, 31, 32, 33, 34, 35, 38, 40, 41, 42, 43, 44, 45, 46, 47, 49, 50, 51, 52, 53, 55, 56, 57, 61, 63, 64, 66, 69, 70, 71, 72, 73) [0.9, 0.8114111709886805]
(1, 2, 3, 4, 5, 7, 8, 9, 17, 18, 21, 22, 24, 25, 27, 28, 29, 30, 31, 32, 33, 34, 35, 38, 40, 41, 42, 43, 44, 45, 46, 47, 49, 50, 51, 53, 55, 56, 57, 61, 63, 64, 66, 68, 69, 71, 72, 73) [0.9, 0.7867255407391941]
(1, 2, 3, 4, 5, 7, 8, 9, 17, 18, 21, 22, 24, 25, 27, 28, 29, 30, 31, 32, 33, 34, 35, 38, 40, 41, 42, 43, 44, 45, 46, 47, 49, 50, 51, 52, 53, 55, 56, 57, 63, 64, 66, 68, 69, 71, 72, 73) [0.9, 0.784588423084651]
(1, 2, 3, 4, 5, 7, 8, 9, 10, 17, 18, 21, 22, 24, 27, 28, 29, 30, 31, 32, 33, 34, 38, 40, 41, 42, 43, 44, 45, 46, 47, 49, 50, 51, 52, 53, 55, 56, 57, 61, 63, 64, 66, 68, 69, 71, 72, 73) [0.9, 0.7789802945952052]
(1, 2, 3, 4, 5, 7, 8, 9, 10, 17, 18, 21, 22, 24, 25, 27, 28, 29, 30, 31, 32, 33, 34, 35, 38, 40, 41, 42, 43, 44, 45, 46, 47, 49, 50, 51, 53, 55, 56, 57, 63, 64, 66, 68, 69, 71, 72, 73) [0.9, 0.7721327466056481]
(1, 2, 3, 4, 5, 7, 8, 9, 17, 18, 21, 22, 24, 25, 27, 28, 29, 30, 31, 32, 33, 34, 38, 40, 41, 42, 43, 44, 45, 46, 47, 49, 50, 51, 52, 53, 55, 56, 57, 61, 63, 64, 66, 68, 69, 71, 72, 73) [0.9, 0.7710000060588539]
(1, 2, 3, 4, 5, 7, 8, 9, 10, 17, 18, 21, 22, 24, 25, 27, 28, 29, 30, 31, 32, 33, 34, 38, 40, 41, 42, 43, 44, 45, 46, 47, 49, 50, 51, 53, 55, 56, 57, 61, 63, 64, 66, 68, 69, 71, 72, 73) [0.9, 0.7585892059515912]
(1, 2, 3, 4, 5, 7, 8, 9, 10, 17, 18, 21, 22, 24, 25, 27, 28, 29, 30, 31, 32, 33, 34, 38, 40, 41, 42, 43, 44, 45, 46, 47, 49, 50, 51, 52, 53, 55, 56, 57, 63, 64, 66, 68, 69, 71, 72, 73) [0.9, 0.755766676501184]
(1, 2, 3, 4, 5, 7, 8, 9, 17, 18, 21, 22, 24, 25, 27, 28, 29, 30, 31, 32, 33, 34, 38, 40, 41, 42, 43, 44, 45, 46, 47, 49, 50, 51, 53, 55, 56, 57, 61, 63, 64, 66, 67, 68, 69, 71, 72, 73) [0.9, 0.7530999647916202]
(1, 2, 3, 4, 5, 7, 8, 9, 17, 18, 21, 22, 24, 25, 27, 28, 29, 30, 31, 32, 33, 34, 38, 40, 41, 42, 43, 44, 45, 46, 47, 49, 50, 51, 52, 53, 55, 56, 57, 63, 64, 66, 67, 68, 69, 71, 72, 73) [0.9, 0.7503162032836558]
(1, 2, 4, 5, 7, 8, 9, 10, 17, 21, 22, 24, 25, 27, 28, 29, 30, 31, 32, 33, 34, 35, 38, 40, 41, 42, 43, 44, 45, 46, 47, 49, 50, 51, 52, 53, 55, 56, 57, 61, 63, 64, 66, 68, 69, 71, 72, 73) [0.9, 0.6831057075378193]
(1, 2, 3, 4, 5, 7, 8, 9, 17, 18, 21, 22, 24, 25, 27, 28, 29, 30, 31, 32, 33, 34, 35, 36, 38, 40, 41, 42, 43, 44, 45, 46, 47, 49, 50, 51, 53, 55, 56, 57, 60, 63, 64, 66, 69, 71, 72, 73) [0.9, 0.6607616899338665]
(1, 2, 3, 4, 5, 7, 8, 9, 10, 17, 21, 22, 23, 24, 25, 26, 27, 28, 29, 30, 31, 32, 33, 34, 36, 38, 40, 42, 43, 44, 45, 46, 47, 49, 50, 51, 53, 55, 56, 57, 63, 64, 66, 67, 69, 71, 72, 73) [0.9, 0.6485829150616567]
(1, 2, 4, 5, 7, 8, 9, 10, 17, 18, 21, 22, 24, 25, 26, 27, 28, 29, 30, 31, 32, 33, 34, 38, 40, 41, 42, 43, 44, 45, 46, 47, 49, 50, 51, 52, 53, 55, 56, 57, 61, 63, 64, 66, 69, 71, 72, 73) [0.9, 0.6446094169519243]
(1, 2, 3, 4, 5, 7, 8, 9, 10, 17, 21, 22, 23, 24, 25, 26, 27, 28, 29, 30, 31, 32, 33, 34, 36, 38, 40, 42, 43, 44, 45, 46, 47, 49, 50, 51, 53, 55, 56, 57, 63, 64, 66, 68, 69, 71, 72, 73) [0.9, 0.6406390906415724]
(1, 2, 3, 4, 5, 7, 8, 9, 10, 17, 21, 22, 23, 24, 25, 26, 27, 28, 29, 30, 31, 32, 33, 34, 36, 40, 42, 43, 44, 45, 46, 47, 49, 50, 51, 53, 55, 56, 57, 60, 63, 64, 66, 67, 69, 71, 72, 73) [0.9, 0.6331571010363166]
(1, 2, 3, 4, 5, 7, 8, 9, 10, 17, 21, 22, 23, 24, 25, 27, 28, 29, 30, 31, 32, 33, 34, 36, 40, 42, 43, 44, 45, 46, 47, 49, 50, 51, 52, 53, 55, 56, 57, 61, 63, 64, 66, 67, 69, 71, 72, 73) [0.9, 0.6329542677371385]
(1, 2, 3, 4, 5, 7, 8, 9, 10, 17, 21, 22, 23, 24, 25, 27, 28, 29, 30, 31, 32, 33, 34, 36, 40, 42, 43, 44, 45, 46, 47, 49, 50, 51, 52, 53, 55, 56, 57, 61, 63, 64, 66, 68, 69, 71, 72, 73) [0.9, 0.6325688795566462]
(1, 2, 4, 5, 7, 8, 9, 10, 17, 18, 21, 22, 24, 25, 26, 27, 28, 29, 30, 31, 32, 33, 34, 35, 38, 40, 42, 43, 44, 45, 46, 47, 49, 50, 51, 53, 55, 56, 57, 61, 63, 64, 66, 68, 69, 71, 72, 73) [0.9, 0.6316385239498812]
(1, 2, 3, 4, 5, 7, 8, 9, 10, 17, 21, 22, 23, 24, 25, 26, 27, 28, 29, 30, 31, 32, 33, 34, 35, 36, 40, 42, 43, 44, 45, 46, 47, 49, 50, 51, 53, 55, 56, 57, 63, 64, 66, 68, 69, 71, 72, 73) [0.9, 0.6315626074183536]
(1, 2, 3, 4, 5, 7, 8, 9, 10, 17, 21, 22, 23, 24, 25, 26, 27, 28, 29, 30, 31, 32, 33, 34, 36, 40, 42, 43, 44, 45, 46, 47, 49, 50, 51, 53, 55, 56, 57, 61, 63, 64, 66, 68, 69, 71, 72, 73) [0.9, 0.6265091946944078]
(1, 2, 4, 5, 7, 8, 9, 10, 17, 18, 21, 22, 24, 25, 26, 27, 28, 29, 30, 31, 32, 33, 34, 35, 40, 42, 43, 44, 45, 46, 47, 49, 50, 51, 52, 53, 55, 56, 57, 60, 61, 63, 64, 66, 69, 71, 72, 73) [0.9, 0.6258998939649959]
(1, 2, 4, 5, 7, 8, 9, 10, 17, 18, 21, 22, 24, 25, 26, 27, 28, 29, 30, 31, 32, 33, 34, 35, 38, 40, 42, 43, 44, 45, 46, 47, 49, 50, 51, 53, 55, 56, 57, 61, 63, 64, 66, 69, 70, 71, 72, 73) [0.9, 0.6254277654782782]
(1, 2, 3, 4, 5, 7, 8, 9, 10, 17, 21, 22, 23, 24, 25, 27, 28, 29, 30, 31, 32, 33, 34, 36, 40, 42, 43, 44, 45, 46, 47, 49, 50, 51, 53, 55, 56, 57, 61, 63, 64, 66, 68, 69, 70, 71, 72, 73) [0.9, 0.6226733597582698]
(1, 2, 3, 4, 5, 7, 8, 9, 10, 17, 21, 22, 23, 24, 25, 26, 27, 28, 29, 30, 31, 32, 33, 34, 36, 40, 42, 43, 44, 45, 46, 47, 49, 50, 51, 53, 55, 56, 57, 60, 63, 64, 66, 68, 69, 71, 72, 73) [0.9, 0.6224503931227156]
(1, 2, 3, 4, 5, 7, 8, 9, 10, 17, 21, 22, 23, 24, 25, 27, 28, 29, 30, 31, 32, 33, 34, 36, 38, 40, 42, 43, 44, 45, 46, 47, 49, 50, 51, 53, 55, 56, 57, 63, 64, 66, 67, 68, 69, 71, 72, 73) [0.9, 0.6215235887749402]
(1, 2, 3, 4, 5, 7, 8, 9, 10, 17, 21, 22, 23, 24, 25, 27, 28, 29, 30, 31, 32, 33, 34, 36, 40, 42, 43, 44, 45, 46, 47, 49, 50, 51, 52, 53, 55, 56, 57, 63, 64, 66, 68, 69, 70, 71, 72, 73) [0.9, 0.620674927309638]
(1, 2, 3, 4, 5, 7, 8, 9, 10, 17, 21, 22, 23, 24, 25, 27, 28, 29, 30, 31, 32, 33, 34, 35, 36, 40, 42, 43, 44, 45, 46, 47, 49, 50, 51, 53, 55, 56, 57, 63, 64, 66, 68, 69, 70, 71, 72, 73) [0.9, 0.6204049664916907]
(1, 2, 3, 4, 5, 7, 8, 9, 10, 17, 21, 22, 23, 24, 25, 27, 28, 29, 30, 31, 32, 33, 34, 36, 40, 41, 42, 43, 44, 45, 46, 47, 49, 50, 51, 52, 53, 55, 56, 57, 63, 64, 66, 67, 69, 71, 72, 73) [0.9, 0.6191643409592286]
(1, 2, 3, 4, 5, 7, 8, 9, 17, 18, 21, 22, 24, 25, 27, 28, 29, 30, 31, 32, 33, 34, 36, 40, 41, 42, 43, 44, 45, 46, 47, 48, 49, 50, 51, 53, 55, 56, 57, 60, 61, 63, 64, 66, 69, 71, 72, 73) [0.9, 0.6185983357869091]
(1, 2, 3, 4, 5, 7, 8, 9, 10, 17, 21, 22, 23, 24, 25, 27, 28, 29, 30, 31, 32, 33, 34, 35, 36, 40, 42, 43, 44, 45, 46, 47, 49, 50, 51, 52, 53, 55, 56, 57, 63, 64, 66, 67, 69, 71, 72, 73) [0.9, 0.6182118986803341]
(1, 2, 3, 4, 5, 7, 8, 9, 17, 18, 21, 22, 24, 25, 27, 28, 29, 30, 31, 32, 33, 34, 36, 38, 40, 41, 42, 43, 44, 45, 46, 47, 49, 50, 51, 53, 55, 56, 57, 60, 61, 63, 64, 66, 69, 71, 72, 73) [0.9, 0.6175114076604551]
(1, 2, 3, 4, 5, 7, 8, 9, 10, 17, 21, 22, 23, 24, 25, 27, 28, 29, 30, 31, 32, 33, 34, 35, 36, 40, 42, 43, 44, 45, 46, 47, 49, 50, 51, 52, 53, 55, 56, 57, 63, 64, 66, 68, 69, 71, 72, 73) [0.9, 0.615216876281738]
(1, 2, 3, 4, 5, 7, 8, 9, 10, 17, 21, 22, 23, 24, 25, 27, 28, 29, 30, 31, 32, 33, 34, 36, 40, 42, 43, 44, 45, 46, 47, 49, 50, 51, 52, 53, 55, 56, 57, 61, 63, 64, 66, 69, 70, 71, 72, 73) [0.9, 0.6149689102137343]
(1, 2, 3, 4, 5, 7, 8, 9, 10, 17, 21, 22, 23, 24, 25, 26, 27, 28, 29, 30, 31, 32, 33, 34, 36, 38, 40, 42, 43, 44, 45, 46, 47, 49, 50, 51, 53, 55, 56, 57, 63, 64, 66, 69, 70, 71, 72, 73) [0.9, 0.6139390987540131]
(1, 2, 3, 4, 5, 7, 8, 9, 10, 17, 21, 22, 23, 24, 25, 27, 28, 29, 30, 31, 32, 33, 34, 35, 36, 40, 42, 43, 44, 45, 46, 47, 49, 50, 51, 53, 55, 56, 57, 63, 64, 66, 67, 69, 70, 71, 72, 73) [0.9, 0.6135234102832566]
(1, 2, 3, 4, 5, 7, 8, 9, 10, 17, 18, 21, 22, 24, 25, 27, 28, 29, 30, 31, 32, 33, 34, 35, 36, 40, 42, 43, 44, 45, 46, 47, 49, 50, 51, 52, 53, 55, 56, 57, 60, 63, 64, 66, 69, 71, 72, 73) [0.9, 0.6128554986614975]
(1, 2, 3, 4, 5, 7, 8, 9, 10, 17, 21, 22, 23, 24, 25, 27, 28, 29, 30, 31, 32, 33, 34, 36, 40, 42, 43, 44, 45, 46, 47, 49, 50, 51, 53, 55, 56, 57, 61, 63, 64, 66, 67, 69, 70, 71, 72, 73) [0.9, 0.6111685234841808]
(1, 2, 3, 4, 5, 7, 8, 9, 10, 17, 21, 22, 23, 24, 25, 26, 27, 28, 29, 30, 31, 32, 33, 34, 36, 40, 42, 43, 44, 45, 46, 47, 49, 50, 51, 52, 53, 55, 56, 57, 61, 63, 64, 66, 69, 71, 72, 73) [0.9, 0.6109164236356145]
(1, 2, 3, 4, 5, 7, 8, 9, 10, 17, 21, 22, 23, 24, 25, 26, 27, 28, 29, 30, 31, 32, 33, 34, 35, 36, 40, 42, 43, 44, 45, 46, 47, 49, 50, 51, 53, 55, 56, 57, 63, 64, 66, 69, 70, 71, 72, 73) [0.9, 0.610412815501495]
(1, 2, 3, 4, 5, 7, 8, 9, 17, 18, 21, 22, 24, 25, 27, 28, 29, 30, 31, 32, 33, 34, 36, 40, 41, 42, 43, 44, 45, 46, 47, 48, 49, 50, 51, 52, 53, 55, 56, 57, 60, 63, 64, 66, 69, 71, 72, 73) [0.9, 0.6100867414179072]
(1, 2, 3, 4, 5, 7, 8, 9, 10, 17, 18, 21, 22, 24, 25, 27, 28, 29, 30, 31, 32, 33, 34, 36, 40, 41, 42, 43, 44, 45, 46, 47, 48, 49, 50, 51, 53, 55, 56, 57, 60, 63, 64, 66, 69, 71, 72, 73) [0.9, 0.6097545450639292]
(1, 2, 3, 4, 5, 7, 8, 9, 10, 17, 18, 21, 22, 23, 24, 25, 27, 28, 29, 30, 31, 32, 33, 34, 36, 40, 42, 43, 44, 45, 46, 47, 49, 50, 51, 53, 55, 56, 57, 63, 64, 66, 67, 68, 69, 71, 72, 73) [0.9, 0.6091865314603742]
(1, 2, 3, 4, 5, 7, 8, 9, 17, 18, 21, 22, 24, 25, 27, 28, 29, 30, 31, 32, 33, 34, 35, 36, 40, 42, 43, 44, 45, 46, 47, 49, 50, 51, 52, 53, 55, 56, 57, 60, 61, 63, 64, 66, 69, 71, 72, 73) [0.9, 0.608798412168553]
(1, 2, 3, 4, 5, 7, 8, 9, 10, 17, 21, 22, 23, 24, 25, 26, 27, 28, 29, 30, 31, 32, 33, 34, 36, 40, 42, 43, 44, 45, 46, 47, 49, 50, 51, 53, 55, 56, 57, 61, 63, 64, 66, 69, 70, 71, 72, 73) [0.9, 0.6077270828869229]
(1, 2, 3, 4, 5, 7, 8, 9, 10, 17, 21, 22, 23, 24, 25, 26, 27, 28, 29, 30, 31, 32, 33, 34, 36, 40, 42, 43, 44, 45, 46, 47, 49, 50, 51, 52, 53, 55, 56, 57, 63, 64, 66, 69, 70, 71, 72, 73) [0.9, 0.6056466427681502]
(1, 2, 3, 4, 5, 7, 8, 9, 10, 17, 21, 22, 23, 24, 25, 26, 27, 28, 29, 30, 31, 32, 33, 34, 35, 36, 40, 42, 43, 44, 45, 46, 47, 49, 50, 51, 52, 53, 55, 56, 57, 63, 64, 66, 69, 71, 72, 73) [0.9, 0.6054376226622414]
(1, 2, 3, 4, 5, 7, 8, 9, 10, 17, 21, 22, 23, 24, 25, 26, 27, 28, 29, 30, 31, 32, 33, 34, 35, 36, 40, 42, 43, 44, 45, 46, 47, 49, 50, 51, 53, 55, 56, 57, 63, 64, 66, 67, 69, 71, 72, 73) [0.9, 0.6032468768635711]
(1, 2, 3, 4, 5, 7, 8, 9, 17, 21, 22, 24, 25, 26, 27, 28, 29, 30, 31, 32, 33, 34, 38, 40, 41, 42, 43, 44, 45, 46, 47, 48, 49, 50, 51, 52, 53, 55, 56, 57, 61, 63, 64, 66, 69, 71, 72, 73) [0.9, 0.6025593812947628]
(1, 2, 3, 4, 5, 7, 8, 9, 10, 17, 18, 21, 22, 24, 25, 27, 28, 29, 30, 31, 32, 33, 34, 35, 36, 40, 42, 43, 44, 45, 46, 47, 49, 50, 51, 53, 55, 56, 57, 60, 61, 63, 64, 66, 69, 71, 72, 73) [0.9, 0.6025414396523302]
(1, 2, 3, 4, 5, 7, 8, 9, 10, 17, 21, 22, 23, 24, 25, 27, 28, 29, 30, 31, 32, 33, 34, 36, 40, 41, 42, 43, 44, 45, 46, 47, 49, 50, 51, 53, 55, 56, 57, 63, 64, 66, 68, 69, 70, 71, 72, 73) [0.9, 0.6021126636021976]
(1, 2, 3, 4, 5, 7, 8, 9, 10, 17, 21, 22, 23, 24, 25, 27, 28, 29, 30, 31, 32, 33, 34, 35, 36, 40, 42, 43, 44, 45, 46, 47, 49, 50, 51, 53, 55, 56, 57, 61, 63, 64, 66, 67, 69, 71, 72, 73) [0.9, 0.6018999122119691]
(1, 2, 3, 4, 5, 7, 8, 9, 10, 17, 18, 21, 22, 23, 24, 25, 26, 27, 28, 29, 30, 31, 32, 33, 34, 36, 40, 42, 43, 44, 45, 46, 47, 49, 50, 51, 53, 55, 56, 57, 63, 64, 66, 67, 69, 71, 72, 73) [0.9, 0.6015962926483386]
(1, 2, 3, 4, 5, 7, 8, 9, 10, 17, 21, 22, 23, 24, 25, 27, 28, 29, 30, 31, 32, 33, 34, 35, 36, 40, 42, 43, 44, 45, 46, 47, 49, 50, 51, 53, 55, 56, 57, 63, 64, 66, 67, 68, 69, 71, 72, 73) [0.9, 0.5994251811765349]
(1, 2, 3, 4, 5, 7, 8, 9, 10, 17, 21, 22, 23, 24, 25, 27, 28, 29, 30, 31, 32, 33, 34, 35, 36, 40, 42, 43, 44, 45, 46, 47, 49, 50, 51, 53, 55, 56, 57, 61, 63, 64, 66, 68, 69, 71, 72, 73) [0.9, 0.5985339705656255]
(1, 2, 3, 4, 5, 7, 8, 9, 10, 17, 18, 21, 22, 24, 25, 27, 28, 29, 30, 31, 32, 33, 34, 36, 40, 42, 43, 44, 45, 46, 47, 49, 50, 51, 52, 53, 55, 56, 57, 60, 61, 63, 64, 66, 69, 71, 72, 73) [0.9, 0.5984725229419735]
(1, 2, 3, 4, 5, 7, 8, 9, 10, 17, 21, 22, 23, 24, 25, 27, 28, 29, 30, 31, 32, 33, 34, 36, 40, 41, 42, 43, 44, 45, 46, 47, 49, 50, 51, 52, 53, 55, 56, 57, 63, 64, 66, 68, 69, 71, 72, 73) [0.9, 0.5971532753885065]
(1, 2, 3, 4, 5, 7, 8, 9, 10, 17, 21, 22, 23, 24, 25, 26, 27, 28, 29, 30, 31, 32, 33, 34, 36, 40, 42, 43, 44, 45, 46, 47, 49, 50, 51, 52, 53, 55, 56, 57, 63, 64, 66, 68, 69, 71, 72, 73) [0.9, 0.5971383605669369]
(1, 2, 3, 4, 5, 7, 8, 9, 17, 18, 21, 22, 24, 25, 27, 28, 29, 30, 31, 32, 33, 34, 36, 40, 41, 42, 43, 44, 45, 46, 47, 48, 49, 50, 51, 53, 55, 56, 57, 60, 63, 64, 66, 69, 70, 71, 72, 73) [0.9, 0.5968639617643161]
(1, 2, 3, 4, 5, 7, 8, 9, 10, 17, 21, 22, 23, 24, 25, 27, 28, 29, 30, 31, 32, 33, 34, 36, 40, 42, 43, 44, 45, 46, 47, 49, 50, 51, 53, 55, 56, 57, 60, 63, 64, 66, 67, 68, 69, 71, 72, 73) [0.9, 0.5966585682426283]
(1, 2, 3, 4, 5, 7, 8, 9, 10, 17, 21, 22, 23, 24, 25, 26, 27, 28, 29, 30, 31, 32, 33, 34, 35, 36, 40, 42, 43, 44, 45, 46, 47, 49, 50, 51, 53, 55, 56, 57, 61, 63, 64, 66, 69, 71, 72, 73) [0.9, 0.5965732214142344]
(1, 2, 3, 4, 5, 7, 8, 9, 10, 17, 21, 22, 23, 24, 25, 26, 27, 28, 29, 30, 31, 32, 33, 34, 35, 36, 40, 41, 42, 43, 44, 45, 46, 47, 49, 50, 51, 53, 55, 56, 57, 63, 64, 66, 69, 71, 72, 73) [0.9, 0.5959345498222651]
(1, 2, 3, 4, 5, 7, 8, 9, 10, 17, 21, 22, 23, 24, 25, 27, 28, 29, 30, 31, 32, 33, 34, 35, 36, 40, 42, 43, 44, 45, 46, 47, 49, 50, 51, 52, 53, 55, 56, 57, 63, 64, 66, 69, 70, 71, 72, 73) [0.9, 0.5951466979198728]
(1, 2, 3, 4, 5, 7, 8, 9, 10, 17, 18, 21, 22, 23, 24, 25, 26, 27, 28, 29, 30, 31, 32, 33, 34, 36, 40, 42, 43, 44, 45, 46, 47, 49, 50, 51, 53, 55, 56, 57, 63, 64, 66, 68, 69, 71, 72, 73) [0.9, 0.5948207717602464]
(1, 2, 3, 4, 5, 7, 8, 9, 10, 17, 18, 21, 22, 23, 24, 25, 27, 28, 29, 30, 31, 32, 33, 34, 36, 40, 42, 43, 44, 45, 46, 47, 49, 50, 51, 53, 55, 56, 57, 63, 64, 66, 67, 69, 70, 71, 72, 73) [0.9, 0.5945157939530361]
(1, 2, 3, 4, 5, 7, 8, 9, 10, 17, 21, 22, 23, 24, 25, 27, 28, 29, 30, 31, 32, 33, 34, 36, 40, 42, 43, 44, 45, 46, 47, 49, 50, 51, 52, 53, 55, 56, 57, 63, 64, 66, 67, 69, 70, 71, 72, 73) [0.9, 0.594208787673863]
(1, 2, 3, 4, 5, 7, 8, 9, 10, 17, 21, 22, 24, 25, 27, 28, 29, 30, 31, 32, 33, 34, 35, 36, 38, 40, 42, 43, 44, 45, 46, 47, 49, 50, 51, 52, 53, 55, 56, 57, 61, 63, 64, 66, 69, 71, 72, 73) [0.9, 0.594128560725222]
(1, 2, 3, 4, 5, 7, 8, 9, 10, 17, 18, 21, 22, 23, 24, 25, 27, 28, 29, 30, 31, 32, 33, 34, 36, 40, 42, 43, 44, 45, 46, 47, 49, 50, 51, 53, 55, 56, 57, 63, 64, 66, 68, 69, 70, 71, 72, 73) [0.9, 0.5935324328837462]
(1, 2, 3, 4, 5, 7, 8, 9, 10, 17, 21, 22, 23, 24, 25, 27, 28, 29, 30, 31, 32, 33, 34, 36, 38, 40, 42, 43, 44, 45, 46, 47, 49, 50, 51, 53, 55, 56, 57, 63, 64, 66, 67, 69, 70, 71, 72, 73) [0.9, 0.5924237207640246]
(1, 2, 4, 5, 7, 8, 9, 10, 17, 18, 21, 22, 24, 25, 27, 28, 29, 30, 31, 32, 33, 34, 35, 38, 40, 42, 43, 44, 45, 46, 47, 49, 50, 51, 53, 55, 56, 57, 61, 63, 64, 66, 68, 69, 70, 71, 72, 73) [0.9, 0.5922205630359371]
(1, 2, 3, 4, 5, 7, 8, 9, 10, 17, 21, 22, 24, 25, 26, 27, 28, 29, 30, 31, 32, 33, 34, 38, 40, 41, 42, 43, 44, 45, 46, 47, 48, 49, 50, 51, 52, 53, 55, 56, 57, 63, 64, 66, 69, 71, 72, 73) [0.9, 0.5920591599752395]
(1, 2, 3, 4, 5, 7, 8, 9, 10, 17, 21, 22, 23, 24, 25, 27, 28, 29, 30, 31, 32, 33, 34, 36, 38, 40, 42, 43, 44, 45, 46, 47, 49, 50, 51, 53, 55, 56, 57, 63, 64, 66, 68, 69, 70, 71, 72, 73) [0.9, 0.5920017421979176]
(1, 2, 3, 4, 5, 7, 8, 9, 10, 17, 21, 22, 24, 25, 26, 27, 28, 29, 30, 31, 32, 33, 34, 38, 40, 41, 42, 43, 44, 45, 46, 47, 48, 49, 50, 51, 53, 55, 56, 57, 61, 63, 64, 66, 69, 71, 72, 73) [0.9, 0.5913646093654282]
(1, 2, 3, 4, 5, 7, 8, 9, 10, 17, 21, 22, 23, 24, 25, 26, 27, 28, 29, 30, 31, 32, 33, 34, 36, 40, 42, 43, 44, 45, 46, 47, 49, 50, 51, 53, 55, 56, 57, 61, 63, 64, 66, 67, 69, 71, 72, 73) [0.9, 0.590918516363721]
(1, 2, 3, 4, 5, 7, 8, 9, 10, 17, 21, 22, 23, 24, 25, 26, 27, 28, 29, 30, 31, 32, 33, 34, 36, 40, 41, 42, 43, 44, 45, 46, 47, 49, 50, 51, 53, 55, 56, 57, 61, 63, 64, 66, 69, 71, 72, 73) [0.9, 0.5902259870650064]
(1, 2, 3, 4, 5, 7, 8, 9, 17, 18, 21, 22, 24, 25, 27, 28, 29, 30, 31, 32, 33, 34, 38, 40, 41, 42, 43, 44, 45, 46, 47, 49, 50, 51, 53, 55, 56, 57, 60, 61, 63, 64, 66, 68, 69, 71, 72, 73) [0.9, 0.5869122657107431]
(1, 2, 3, 4, 5, 7, 8, 9, 10, 17, 18, 21, 22, 24, 25, 27, 28, 29, 30, 31, 32, 33, 34, 38, 40, 41, 42, 43, 44, 45, 46, 47, 49, 50, 51, 53, 55, 56, 57, 60, 63, 64, 66, 68, 69, 71, 72, 73) [0.9, 0.5868841240024761]
(1, 2, 3, 4, 5, 7, 8, 9, 10, 17, 21, 22, 23, 24, 25, 26, 27, 28, 29, 30, 31, 32, 33, 34, 36, 40, 42, 43, 44, 45, 46, 47, 49, 50, 51, 53, 55, 56, 57, 60, 63, 64, 66, 69, 70, 71, 72, 73) [0.9, 0.5853759261675169]
(1, 2, 3, 4, 5, 7, 8, 9, 10, 17, 21, 22, 23, 24, 25, 27, 28, 29, 30, 31, 32, 33, 34, 36, 40, 42, 43, 44, 45, 46, 47, 49, 50, 51, 53, 55, 56, 57, 61, 63, 64, 66, 67, 68, 69, 71, 72, 73) [0.9, 0.5847689999910646]
(1, 2, 3, 4, 5, 7, 8, 9, 10, 17, 21, 22, 23, 24, 25, 26, 27, 28, 29, 30, 31, 32, 33, 34, 36, 38, 40, 42, 43, 44, 45, 46, 47, 49, 50, 51, 52, 53, 55, 56, 57, 63, 64, 66, 69, 71, 72, 73) [0.9, 0.5845654862958223]
(1, 2, 3, 4, 5, 7, 8, 9, 10, 17, 21, 22, 24, 25, 27, 28, 29, 30, 31, 32, 33, 34, 35, 36, 40, 42, 43, 44, 45, 46, 47, 49, 50, 51, 52, 53, 55, 56, 57, 60, 61, 63, 64, 66, 69, 71, 72, 73) [0.9, 0.5810227784830053]
(1, 2, 4, 5, 7, 8, 9, 17, 18, 21, 22, 24, 25, 26, 27, 28, 29, 30, 31, 32, 33, 34, 35, 38, 40, 42, 43, 44, 45, 46, 47, 49, 50, 51, 52, 53, 55, 56, 57, 61, 63, 64, 66, 69, 70, 71, 72, 73) [0.9, 0.5801656639154704]
(1, 2, 4, 5, 7, 8, 9, 10, 17, 18, 21, 22, 24, 25, 26, 27, 28, 29, 30, 31, 32, 33, 34, 35, 38, 40, 42, 43, 44, 45, 46, 47, 49, 50, 51, 52, 53, 55, 56, 57, 63, 64, 66, 69, 70, 71, 72, 73) [0.9, 0.5800411068864335]
(1, 2, 3, 4, 5, 7, 8, 9, 17, 18, 21, 22, 24, 25, 27, 28, 29, 30, 31, 32, 33, 34, 35, 36, 40, 41, 42, 43, 44, 45, 46, 47, 49, 50, 51, 53, 55, 56, 57, 60, 61, 63, 64, 66, 69, 71, 72, 73) [0.9, 0.5796004394640857]
(1, 2, 3, 4, 5, 7, 8, 9, 17, 18, 21, 22, 24, 25, 27, 28, 29, 30, 31, 32, 33, 34, 35, 36, 40, 41, 42, 43, 44, 45, 46, 47, 48, 49, 50, 51, 53, 55, 56, 57, 60, 63, 64, 66, 69, 71, 72, 73) [0.9, 0.577758818715346]
(1, 2, 3, 4, 5, 7, 8, 9, 10, 17, 21, 22, 23, 24, 25, 27, 28, 29, 30, 31, 32, 33, 34, 35, 36, 40, 42, 43, 44, 45, 46, 47, 49, 50, 51, 53, 55, 56, 57, 61, 63, 64, 66, 69, 70, 71, 72, 73) [0.9, 0.5771581370210978]
(1, 2, 3, 4, 5, 7, 8, 9, 17, 18, 21, 22, 24, 25, 27, 28, 29, 30, 31, 32, 33, 34, 38, 40, 41, 42, 43, 44, 45, 46, 47, 48, 49, 50, 51, 53, 55, 56, 57, 61, 63, 64, 66, 68, 69, 71, 72, 73) [0.9, 0.5762239766169971]
(1, 2, 3, 4, 5, 7, 8, 9, 10, 17, 18, 21, 22, 23, 24, 25, 27, 28, 29, 30, 31, 32, 33, 34, 36, 40, 42, 43, 44, 45, 46, 47, 49, 50, 51, 52, 53, 55, 56, 57, 63, 64, 66, 67, 69, 71, 72, 73) [0.9, 0.5760610950059509]
(1, 2, 3, 4, 5, 7, 8, 9, 10, 17, 18, 21, 22, 24, 25, 27, 28, 29, 30, 31, 32, 33, 34, 35, 36, 40, 41, 42, 43, 44, 45, 46, 47, 49, 50, 51, 53, 55, 56, 57, 60, 63, 64, 66, 69, 71, 72, 73) [0.9, 0.5689884846905385]
(1, 2, 3, 4, 5, 7, 8, 9, 10, 17, 18, 21, 22, 23, 24, 25, 27, 28, 29, 30, 31, 32, 33, 34, 36, 40, 42, 43, 44, 45, 46, 47, 49, 50, 51, 52, 53, 55, 56, 57, 63, 64, 66, 68, 69, 71, 72, 73) [0.9, 0.5687300008676885]
(1, 2, 3, 4, 5, 7, 8, 9, 10, 17, 21, 22, 23, 24, 25, 26, 27, 28, 29, 30, 31, 32, 33, 34, 36, 38, 40, 42, 43, 44, 45, 46, 47, 49, 50, 51, 53, 55, 56, 57, 61, 63, 64, 66, 69, 71, 72, 73) [0.9, 0.5685873014323694]
(1, 2, 3, 4, 5, 7, 8, 9, 10, 17, 21, 22, 23, 24, 25, 26, 27, 28, 29, 30, 31, 32, 33, 34, 36, 40, 41, 42, 43, 44, 45, 46, 47, 49, 50, 51, 52, 53, 55, 56, 57, 63, 64, 66, 69, 71, 72, 73) [0.9, 0.5682840775129855]
(1, 2, 3, 4, 5, 7, 8, 9, 10, 17, 18, 21, 22, 24, 25, 27, 28, 29, 30, 31, 32, 33, 34, 38, 40, 41, 42, 43, 44, 45, 46, 47, 48, 49, 50, 51, 53, 55, 56, 57, 63, 64, 66, 68, 69, 71, 72, 73) [0.9, 0.5681995721814979]
(1, 2, 4, 5, 7, 8, 9, 10, 17, 21, 22, 24, 25, 26, 27, 28, 29, 30, 31, 32, 33, 34, 35, 38, 40, 41, 42, 43, 44, 45, 46, 47, 49, 50, 51, 52, 53, 55, 56, 57, 61, 63, 64, 66, 69, 71, 72, 73) [0.9, 0.5673348446951636]
(1, 2, 3, 4, 5, 7, 8, 9, 10, 17, 18, 21, 22, 23, 24, 25, 26, 27, 28, 29, 30, 31, 32, 33, 34, 36, 40, 42, 43, 44, 45, 46, 47, 49, 50, 51, 53, 55, 56, 57, 63, 64, 66, 69, 70, 71, 72, 73) [0.9, 0.5672909704858354]
(1, 2, 3, 4, 5, 7, 8, 9, 10, 17, 18, 21, 22, 24, 25, 27, 28, 29, 30, 31, 32, 33, 34, 35, 36, 40, 42, 43, 44, 45, 46, 47, 49, 50, 51, 52, 53, 55, 56, 57, 61, 63, 64, 66, 69, 71, 72, 73) [0.9, 0.5668809028451182]
(1, 2, 4, 5, 7, 8, 9, 10, 17, 18, 21, 22, 24, 25, 26, 27, 28, 29, 30, 31, 32, 33, 34, 35, 38, 40, 42, 43, 44, 45, 46, 47, 49, 50, 51, 52, 53, 55, 56, 57, 63, 64, 66, 68, 69, 71, 72, 73) [0.9, 0.5665726562883789]
(1, 2, 3, 4, 5, 7, 8, 9, 17, 18, 21, 22, 24, 25, 27, 28, 29, 30, 31, 32, 33, 34, 38, 40, 41, 42, 43, 44, 45, 46, 47, 48, 49, 50, 51, 52, 53, 55, 56, 57, 63, 64, 66, 68, 69, 71, 72, 73) [0.9, 0.5627841033754454]
(1, 2, 3, 4, 5, 7, 8, 9, 10, 17, 18, 21, 22, 24, 25, 27, 28, 29, 30, 31, 32, 33, 34, 35, 36, 38, 40, 42, 43, 44, 45, 46, 47, 49, 50, 51, 52, 53, 55, 56, 57, 63, 64, 66, 69, 71, 72, 73) [0.9, 0.5602776381678066]
(1, 2, 4, 5, 7, 8, 9, 17, 18, 21, 22, 24, 25, 26, 27, 28, 29, 30, 31, 32, 33, 34, 35, 38, 40, 42, 43, 44, 45, 46, 47, 49, 50, 51, 52, 53, 55, 56, 57, 61, 63, 64, 66, 68, 69, 71, 72, 73) [0.9, 0.5600744015598446]
