(3, 4, 10, 19, 22, 23, 25, 32, 48, 57, 61, 67, 71, 82, 84, 93, 97, 101, 114, 119, 124, 125, 126, 127) : [1.0, 89661947.96796197],
(3, 4, 22, 23, 25, 32, 44, 48, 57, 61, 67, 71, 73, 84, 85, 93, 97, 101, 108, 114, 119, 121, 124, 126) : [1.0, 46343385.025308736],
(3, 4, 19, 21, 22, 23, 25, 32, 44, 57, 61, 67, 71, 84, 93, 97, 100, 101, 108, 114, 119, 121, 124, 126) : [1.0, 33190640.596966553],
(3, 4, 21, 22, 23, 25, 32, 44, 57, 61, 67, 71, 84, 85, 93, 97, 101, 108, 114, 119, 121, 124, 126, 128) : [1.0, 22381654.469473865],
(3, 4, 22, 23, 25, 32, 44, 57, 61, 67, 71, 82, 84, 93, 95, 97, 101, 108, 114, 119, 121, 124, 125, 126) : [1.0, 20716047.278766762],
(3, 4, 22, 23, 25, 32, 44, 48, 57, 61, 67, 71, 84, 93, 97, 101, 108, 114, 115, 119, 121, 124, 126, 127) : [1.0, 12895356.378013456],
(3, 4, 22, 23, 25, 32, 44, 57, 61, 67, 71, 73, 84, 85, 93, 97, 101, 108, 114, 119, 121, 124, 126, 127) : [1.0, 11291812.00212419],
(3, 4, 22, 23, 25, 32, 44, 48, 57, 61, 67, 71, 73, 79, 84, 93, 97, 101, 108, 114, 119, 121, 124, 126) : [1.0, 11119105.3525279],
(3, 4, 22, 23, 25, 32, 44, 57, 59, 61, 67, 71, 84, 93, 95, 97, 101, 108, 114, 119, 121, 124, 126, 128) : [1.0, 10366948.771116072],
(3, 4, 22, 23, 25, 32, 44, 57, 61, 67, 71, 84, 85, 93, 95, 97, 101, 108, 114, 115, 119, 121, 124, 126) : [1.0, 10212529.181430774],
(3, 4, 21, 22, 23, 25, 32, 44, 48, 57, 61, 67, 71, 73, 79, 84, 93, 97, 101, 114, 119, 121, 124, 126) : [1.0, 10067455.683166297],
(3, 4, 22, 23, 25, 32, 44, 57, 61, 67, 71, 73, 84, 91, 93, 95, 97, 101, 108, 114, 119, 121, 124, 126) : [1.0, 9760947.782451546],
(3, 4, 22, 23, 25, 32, 44, 48, 57, 61, 67, 71, 73, 84, 93, 97, 101, 108, 114, 119, 121, 124, 125, 126) : [1.0, 9168357.667940045],
(3, 4, 19, 22, 23, 25, 32, 44, 57, 61, 67, 71, 84, 93, 97, 101, 108, 114, 115, 119, 121, 123, 124, 126) : [1.0, 7338533.0044894675],
(3, 4, 13, 22, 23, 25, 32, 36, 38, 44, 57, 61, 67, 71, 84, 93, 97, 101, 108, 114, 119, 121, 124, 126) : [1.0, 7163712.824869608],
(3, 4, 22, 23, 25, 32, 44, 48, 57, 61, 67, 69, 71, 84, 93, 97, 101, 108, 112, 114, 119, 121, 124, 126) : [1.0, 6616466.853902194],
(3, 4, 22, 23, 25, 32, 44, 48, 57, 61, 67, 71, 84, 93, 97, 100, 101, 108, 114, 119, 121, 124, 126, 127) : [1.0, 6191172.545000237],
(3, 4, 14, 22, 23, 25, 32, 36, 57, 61, 67, 71, 79, 84, 93, 97, 101, 114, 119, 121, 123, 124, 126, 127) : [1.0, 5636504.773364496],
(3, 4, 10, 13, 18, 19, 22, 23, 32, 48, 57, 61, 67, 78, 84, 93, 97, 101, 114, 116, 124, 126, 127, 131) : [1.0, 5447098.525440951],
(3, 4, 19, 22, 23, 25, 32, 44, 57, 61, 67, 71, 84, 93, 97, 101, 108, 114, 119, 121, 124, 126, 127, 129) : [1.0, 5301453.145375982],
(3, 4, 14, 22, 23, 25, 32, 50, 57, 61, 67, 71, 78, 84, 93, 97, 100, 101, 114, 119, 124, 125, 126, 127) : [1.0, 5247439.425331956],
(3, 4, 10, 13, 19, 22, 23, 32, 44, 48, 57, 61, 67, 78, 82, 84, 93, 97, 101, 114, 124, 126, 127, 131) : [1.0, 5208410.9689417025],
(2, 3, 4, 22, 23, 25, 32, 36, 57, 59, 67, 71, 78, 84, 93, 95, 97, 101, 114, 119, 124, 126, 127, 128) : [1.0, 5169239.137214583],
(3, 4, 22, 23, 25, 32, 44, 57, 61, 67, 71, 82, 84, 93, 97, 101, 103, 108, 114, 119, 121, 124, 125, 126) : [1.0, 5059747.659578162],
(3, 4, 14, 22, 23, 25, 32, 36, 57, 61, 67, 71, 78, 84, 93, 97, 100, 101, 114, 119, 121, 124, 126, 127) : [1.0, 5002195.917399886],
(3, 4, 13, 14, 22, 23, 32, 36, 48, 57, 61, 67, 78, 84, 93, 97, 101, 103, 114, 119, 124, 126, 127, 131) : [1.0, 4915447.294039226],
(3, 4, 19, 22, 23, 25, 32, 44, 48, 51, 57, 61, 67, 71, 73, 84, 93, 97, 101, 114, 119, 121, 124, 126) : [1.0, 4772524.745481062],
(3, 4, 19, 22, 23, 25, 32, 44, 57, 61, 67, 71, 74, 79, 84, 93, 97, 101, 108, 114, 119, 121, 124, 126) : [1.0, 4510279.736737887],
(3, 4, 21, 22, 23, 25, 32, 44, 48, 57, 61, 67, 71, 84, 93, 97, 101, 114, 119, 121, 123, 124, 126, 128) : [1.0, 4231164.82597217],
(3, 4, 22, 23, 25, 32, 44, 48, 57, 61, 67, 71, 84, 93, 97, 100, 101, 108, 114, 115, 119, 121, 124, 126) : [1.0, 4028329.0208225227],
(3, 4, 22, 23, 25, 32, 44, 48, 57, 59, 61, 67, 71, 84, 93, 97, 101, 103, 108, 114, 119, 121, 124, 126) : [1.0, 4026833.3419244695],
(3, 4, 10, 19, 22, 23, 25, 32, 48, 57, 61, 67, 71, 84, 93, 97, 101, 110, 114, 119, 124, 125, 126, 127) : [1.0, 3897660.0517739006],
(3, 4, 19, 22, 23, 25, 32, 44, 57, 61, 67, 71, 84, 93, 97, 101, 108, 114, 119, 121, 124, 125, 126, 127) : [1.0, 3791857.238577243],
(3, 4, 21, 22, 23, 25, 32, 44, 48, 57, 61, 67, 71, 84, 93, 97, 101, 114, 119, 121, 123, 124, 126, 130) : [1.0, 3767490.683951531],
(3, 4, 22, 23, 25, 32, 44, 48, 57, 61, 67, 71, 84, 93, 97, 101, 108, 114, 119, 121, 124, 125, 126, 127) : [1.0, 3754164.825282316],
(3, 4, 22, 23, 25, 32, 44, 48, 57, 61, 67, 71, 78, 84, 93, 97, 100, 101, 108, 114, 119, 121, 124, 126) : [1.0, 3604031.5198335308],
(3, 4, 22, 23, 25, 32, 44, 48, 57, 61, 67, 71, 78, 84, 93, 97, 101, 108, 114, 119, 121, 124, 126, 128) : [1.0, 3484079.7013382893],
(3, 4, 22, 23, 25, 28, 32, 44, 57, 61, 67, 71, 84, 93, 95, 97, 101, 108, 114, 116, 119, 121, 124, 126) : [1.0, 3427068.1904053106],
(3, 4, 22, 23, 25, 32, 38, 44, 57, 61, 67, 71, 84, 93, 97, 101, 108, 114, 119, 121, 123, 124, 126, 129) : [1.0, 3026240.111486455],
(3, 4, 22, 23, 25, 32, 44, 48, 57, 61, 67, 71, 84, 91, 93, 97, 100, 101, 108, 114, 119, 121, 124, 126) : [1.0, 2765612.7594395555],
(3, 4, 22, 23, 25, 32, 44, 48, 57, 61, 67, 71, 84, 93, 97, 101, 108, 112, 113, 114, 119, 121, 124, 126) : [1.0, 2673903.317468721],
(3, 4, 22, 23, 25, 32, 36, 44, 48, 57, 61, 67, 71, 82, 84, 93, 97, 101, 108, 114, 119, 121, 124, 126) : [1.0, 2624828.329237333],
(3, 4, 10, 13, 19, 22, 23, 32, 44, 48, 57, 61, 67, 71, 78, 84, 93, 97, 101, 114, 124, 126, 127, 131) : [1.0, 2354681.7968728044],
(3, 4, 10, 21, 22, 23, 25, 32, 44, 48, 57, 61, 67, 71, 84, 93, 97, 101, 114, 119, 121, 123, 124, 126) : [1.0, 2302811.608229215],
(2, 3, 4, 13, 22, 23, 25, 32, 57, 61, 67, 71, 78, 84, 85, 93, 97, 101, 114, 119, 121, 124, 125, 126) : [1.0, 2259301.969226711],
(3, 4, 10, 22, 23, 25, 32, 44, 48, 57, 61, 67, 71, 84, 93, 97, 101, 108, 114, 119, 121, 124, 126, 132) : [1.0, 2238240.248568347],
(3, 4, 10, 22, 23, 25, 32, 44, 48, 57, 61, 67, 71, 84, 93, 97, 101, 108, 114, 119, 121, 124, 126, 133) : [1.0, 2238240.248568347],
(3, 4, 16, 19, 22, 23, 25, 32, 44, 48, 57, 61, 67, 71, 73, 84, 93, 97, 101, 114, 119, 121, 124, 126) : [1.0, 2203659.9851717814],
(3, 4, 11, 22, 23, 25, 32, 44, 48, 57, 61, 67, 71, 84, 93, 97, 101, 108, 112, 114, 119, 121, 124, 126) : [1.0, 1960655.5232192213],
(3, 4, 22, 23, 25, 32, 44, 48, 57, 61, 67, 71, 77, 84, 93, 97, 101, 108, 112, 114, 119, 121, 124, 126) : [1.0, 1902517.566304327],
(3, 4, 21, 22, 23, 25, 32, 44, 48, 57, 61, 67, 71, 73, 84, 93, 97, 101, 114, 119, 121, 122, 124, 126) : [1.0, 1862469.743713688],
(3, 4, 10, 13, 21, 22, 23, 25, 32, 48, 57, 61, 67, 78, 84, 93, 97, 101, 114, 124, 125, 126, 127, 131) : [1.0, 1842317.801582529],
(3, 4, 18, 22, 23, 25, 32, 38, 44, 48, 57, 61, 67, 71, 84, 93, 97, 101, 108, 114, 119, 121, 124, 126) : [1.0, 1785665.2958038475],
(3, 4, 10, 19, 22, 23, 25, 32, 48, 57, 59, 61, 67, 71, 84, 93, 97, 101, 114, 119, 124, 125, 126, 127) : [1.0, 1737996.236121564],
(3, 4, 21, 22, 23, 25, 32, 44, 48, 57, 61, 67, 71, 78, 84, 93, 97, 101, 114, 119, 121, 124, 126, 127) : [1.0, 1582444.7010056528],
(3, 4, 10, 22, 23, 25, 32, 45, 48, 52, 57, 61, 67, 71, 84, 93, 97, 101, 114, 119, 124, 125, 126, 127) : [1.0, 1576059.5835837927],
(3, 4, 22, 23, 25, 32, 44, 48, 57, 61, 67, 71, 73, 84, 93, 97, 101, 108, 114, 119, 121, 124, 126, 127) : [1.0, 1572688.421617021],
(3, 4, 14, 22, 23, 25, 32, 44, 57, 61, 67, 71, 84, 93, 97, 100, 101, 114, 115, 119, 124, 125, 126, 127) : [1.0, 1562889.8795018438],
(3, 4, 10, 19, 22, 23, 25, 32, 44, 48, 57, 61, 67, 71, 84, 93, 97, 101, 114, 119, 124, 125, 126, 127) : [1.0, 1541614.6099975503],
(3, 4, 13, 19, 22, 23, 32, 48, 57, 61, 67, 73, 78, 84, 93, 97, 101, 113, 114, 124, 125, 126, 127, 131) : [1.0, 1540478.7355263906],
(3, 4, 12, 22, 23, 25, 27, 32, 44, 48, 57, 59, 61, 67, 71, 84, 93, 97, 101, 114, 119, 121, 124, 126) : [1.0, 1513879.2190584622],
(3, 4, 21, 22, 23, 25, 32, 44, 48, 57, 61, 67, 71, 84, 93, 97, 101, 114, 119, 121, 124, 125, 126, 132) : [1.0, 1510883.6812552707],
(3, 4, 21, 22, 23, 25, 32, 44, 48, 57, 61, 67, 71, 84, 93, 97, 101, 114, 119, 121, 124, 125, 126, 133) : [1.0, 1510883.6812552707],
(3, 4, 10, 13, 19, 22, 23, 32, 34, 48, 57, 61, 67, 78, 84, 93, 97, 101, 114, 116, 124, 126, 127, 131) : [1.0, 1500814.1340921216],
(3, 4, 19, 22, 23, 25, 32, 44, 57, 61, 67, 71, 84, 89, 93, 97, 100, 101, 108, 114, 119, 121, 124, 126) : [1.0, 1460552.0999422858],
(3, 4, 19, 22, 23, 25, 32, 44, 57, 61, 67, 71, 84, 85, 93, 97, 101, 108, 114, 119, 121, 124, 126, 127) : [1.0, 1459595.6677553335],
(3, 4, 22, 23, 25, 32, 44, 48, 57, 61, 67, 71, 79, 84, 93, 97, 101, 108, 114, 119, 121, 123, 124, 126) : [1.0, 1444254.8100079186],
(3, 4, 22, 23, 25, 32, 38, 44, 48, 57, 61, 67, 71, 84, 93, 97, 101, 108, 114, 119, 121, 124, 126, 127) : [1.0, 1435130.431166801],
(3, 4, 22, 23, 25, 32, 44, 48, 57, 61, 67, 71, 79, 84, 93, 97, 101, 108, 114, 119, 121, 124, 126, 129) : [1.0, 1430644.0177490367],
(3, 4, 13, 22, 23, 25, 32, 44, 48, 57, 61, 67, 71, 79, 84, 93, 97, 101, 108, 114, 119, 121, 124, 126) : [1.0, 1425031.8356068314],
(3, 4, 10, 13, 19, 22, 23, 32, 33, 44, 48, 57, 61, 67, 78, 84, 93, 97, 101, 114, 124, 126, 127, 131) : [1.0, 1424099.2582388592],
(3, 4, 18, 22, 23, 25, 32, 44, 48, 57, 61, 67, 71, 84, 93, 97, 101, 108, 110, 114, 119, 121, 124, 126) : [1.0, 1419921.7656310394],
(3, 4, 14, 22, 23, 25, 32, 57, 61, 67, 71, 84, 93, 97, 101, 103, 114, 115, 119, 121, 123, 124, 126, 132) : [1.0, 1401845.100559093],
(3, 4, 14, 22, 23, 25, 32, 57, 61, 67, 71, 84, 93, 97, 101, 103, 114, 115, 119, 121, 123, 124, 126, 133) : [1.0, 1401845.100559093],
(3, 4, 19, 21, 22, 23, 25, 32, 44, 48, 57, 61, 67, 71, 84, 93, 97, 101, 114, 119, 121, 124, 126, 127) : [1.0, 1399649.5938682032],
(3, 4, 22, 23, 25, 32, 44, 48, 57, 61, 67, 71, 84, 93, 97, 101, 108, 114, 119, 121, 124, 126, 131, 132) : [1.0, 1383673.1571295084],
(3, 4, 22, 23, 25, 32, 44, 48, 57, 61, 67, 71, 84, 93, 97, 101, 108, 114, 119, 121, 124, 126, 131, 133) : [1.0, 1383673.1571295084],
(3, 4, 21, 22, 23, 24, 25, 32, 44, 48, 57, 59, 61, 67, 71, 84, 93, 97, 101, 114, 119, 121, 124, 126) : [1.0, 1381061.7591977026],
(3, 4, 22, 23, 25, 32, 44, 48, 57, 61, 67, 71, 79, 84, 93, 97, 101, 108, 114, 119, 121, 124, 126, 130) : [1.0, 1354906.3582157278],
(3, 4, 22, 23, 25, 32, 44, 48, 57, 61, 67, 71, 73, 84, 93, 97, 101, 108, 114, 115, 119, 121, 124, 126) : [1.0, 1340044.2588460387],
(3, 4, 13, 19, 22, 23, 25, 32, 48, 57, 61, 67, 71, 78, 84, 93, 97, 101, 114, 123, 124, 126, 127, 131) : [1.0, 1298919.399779883],
(3, 4, 10, 21, 22, 23, 25, 32, 44, 48, 57, 61, 67, 71, 84, 93, 97, 101, 114, 119, 121, 124, 126, 131) : [1.0, 1270616.3677275367],
(3, 4, 22, 23, 25, 32, 48, 57, 61, 67, 71, 78, 82, 84, 93, 97, 101, 103, 114, 119, 123, 124, 126, 127) : [1.0, 1218985.8301346775],
(3, 4, 22, 23, 25, 32, 44, 57, 61, 67, 71, 82, 84, 93, 97, 101, 108, 110, 114, 119, 121, 124, 126, 132) : [1.0, 1177086.258055669],
(3, 4, 22, 23, 25, 32, 44, 57, 61, 67, 71, 82, 84, 93, 97, 101, 108, 110, 114, 119, 121, 124, 126, 133) : [1.0, 1177086.258055669],
(0, 3, 4, 22, 23, 25, 32, 48, 57, 61, 67, 71, 78, 82, 84, 93, 97, 101, 114, 119, 123, 124, 126, 127) : [1.0, 1158899.7171354613],
(3, 4, 19, 22, 23, 25, 32, 44, 48, 57, 61, 67, 71, 73, 84, 93, 97, 101, 114, 115, 119, 121, 124, 126) : [1.0, 1137358.61378017],
(3, 4, 10, 13, 21, 22, 23, 32, 48, 57, 61, 67, 78, 84, 93, 97, 101, 114, 119, 124, 125, 126, 127, 131) : [1.0, 1124844.51954891],
(3, 4, 14, 21, 22, 23, 25, 32, 44, 48, 57, 61, 67, 71, 84, 93, 97, 101, 108, 114, 119, 121, 124, 126) : [1.0, 1112282.9986096926],
(3, 4, 19, 22, 23, 25, 32, 44, 48, 57, 61, 67, 71, 73, 84, 93, 97, 101, 110, 114, 119, 121, 124, 126) : [1.0, 1101397.182813408],
(3, 4, 22, 23, 25, 32, 44, 48, 57, 61, 67, 71, 80, 84, 93, 97, 101, 108, 112, 114, 119, 121, 124, 126) : [1.0, 1078822.5607318513],
(3, 4, 10, 22, 23, 25, 32, 48, 57, 61, 67, 71, 84, 85, 93, 97, 101, 113, 114, 119, 124, 125, 126, 127) : [1.0, 1054175.4717310115],
(3, 4, 19, 22, 23, 25, 32, 44, 49, 57, 61, 67, 71, 84, 93, 97, 100, 101, 108, 114, 119, 121, 124, 126) : [1.0, 1045767.8751272542],
(3, 4, 10, 22, 23, 25, 32, 44, 57, 61, 67, 71, 78, 82, 84, 93, 97, 101, 108, 114, 119, 121, 124, 126) : [1.0, 1033923.1631677524],
(3, 4, 15, 22, 23, 25, 32, 44, 57, 61, 67, 71, 82, 84, 93, 97, 101, 108, 109, 114, 119, 121, 124, 126) : [1.0, 1032642.1449895309],
(3, 4, 19, 22, 23, 25, 32, 44, 57, 61, 67, 71, 84, 93, 95, 97, 101, 108, 114, 119, 121, 124, 126, 132) : [1.0, 1011509.4169400799],
(3, 4, 19, 22, 23, 25, 32, 44, 57, 61, 67, 71, 84, 93, 95, 97, 101, 108, 114, 119, 121, 124, 126, 133) : [1.0, 1011509.4169400799],
(3, 4, 19, 22, 23, 25, 32, 42, 44, 48, 57, 61, 67, 71, 84, 93, 97, 101, 108, 114, 119, 121, 124, 126) : [1.0, 1001775.7554934729],
(3, 4, 22, 23, 25, 32, 38, 44, 57, 61, 67, 71, 82, 84, 85, 93, 97, 101, 108, 114, 119, 121, 124, 126) : [1.0, 999343.7800750034],
(3, 4, 18, 22, 23, 25, 32, 44, 57, 59, 61, 67, 71, 82, 84, 93, 97, 101, 108, 114, 119, 121, 124, 126) : [1.0, 968426.6367586557],
(3, 4, 19, 22, 23, 25, 32, 44, 48, 57, 59, 61, 67, 71, 84, 93, 97, 101, 108, 114, 119, 121, 124, 126) : [1.0, 958871.6144778905],
(3, 4, 10, 11, 19, 22, 23, 25, 32, 48, 57, 61, 67, 71, 84, 93, 97, 101, 114, 119, 124, 125, 126, 127) : [1.0, 952000.5477410067],
(3, 4, 22, 23, 25, 32, 44, 48, 57, 61, 67, 71, 84, 93, 97, 101, 108, 110, 114, 119, 121, 124, 126, 127) : [1.0, 949933.6391596409],
(3, 4, 19, 22, 23, 25, 32, 44, 48, 57, 61, 67, 71, 79, 84, 93, 97, 101, 108, 114, 119, 121, 124, 126) : [1.0, 949835.1607220044],
(3, 4, 10, 22, 23, 25, 32, 44, 57, 61, 67, 71, 74, 84, 93, 97, 101, 103, 108, 114, 119, 121, 124, 126) : [1.0, 947174.7863444719],
(3, 4, 22, 23, 25, 32, 44, 57, 61, 67, 71, 78, 82, 84, 93, 95, 97, 101, 108, 114, 119, 121, 124, 126) : [1.0, 938686.1012324266],
(3, 4, 13, 22, 23, 25, 32, 44, 48, 57, 61, 67, 71, 84, 85, 93, 97, 101, 108, 114, 119, 121, 124, 126) : [1.0, 931902.1664747508],
(3, 4, 13, 22, 23, 25, 32, 44, 57, 61, 67, 71, 74, 84, 93, 97, 101, 108, 114, 119, 121, 124, 126, 127) : [1.0, 914853.3368744118],
(3, 4, 22, 23, 25, 32, 44, 48, 57, 61, 67, 71, 74, 84, 93, 97, 101, 108, 114, 119, 121, 124, 126, 129) : [1.0, 906543.8413776398],
(3, 4, 18, 19, 22, 23, 25, 32, 36, 44, 57, 61, 67, 71, 84, 93, 97, 101, 108, 114, 119, 121, 124, 126) : [1.0, 898561.1965727889],
(3, 4, 10, 19, 22, 23, 25, 32, 44, 48, 57, 61, 67, 71, 73, 84, 93, 97, 101, 114, 119, 121, 124, 126) : [1.0, 888985.7735489135],
(3, 4, 9, 22, 23, 25, 32, 44, 48, 57, 61, 67, 71, 74, 84, 93, 97, 101, 108, 114, 119, 121, 124, 126) : [1.0, 886393.9967214441],
(3, 4, 22, 23, 25, 32, 48, 57, 61, 67, 71, 78, 79, 84, 93, 97, 101, 114, 119, 124, 126, 127, 129, 132) : [1.0, 884445.5408694558],
(3, 4, 22, 23, 25, 32, 48, 57, 61, 67, 71, 78, 79, 84, 93, 97, 101, 114, 119, 124, 126, 127, 129, 133) : [1.0, 884445.5408694558],
(3, 4, 13, 22, 23, 25, 32, 44, 57, 61, 67, 71, 82, 84, 93, 97, 101, 108, 114, 119, 121, 124, 126, 131) : [1.0, 881284.1839367504],
(3, 4, 22, 23, 25, 32, 44, 57, 61, 65, 67, 71, 84, 85, 93, 97, 101, 108, 114, 115, 119, 121, 124, 126) : [1.0, 880338.8628562979],
(3, 4, 22, 23, 25, 32, 44, 57, 61, 67, 71, 84, 85, 93, 97, 100, 101, 108, 114, 119, 121, 124, 126, 131) : [1.0, 878040.1044148911],
(3, 4, 19, 22, 23, 25, 32, 44, 57, 59, 61, 67, 71, 79, 84, 93, 97, 101, 108, 114, 119, 121, 124, 126) : [1.0, 856095.7989504071],
(3, 4, 18, 21, 22, 23, 25, 32, 44, 48, 57, 61, 67, 71, 84, 93, 97, 101, 114, 119, 121, 124, 125, 126) : [1.0, 852273.7104496324],
(3, 4, 22, 23, 25, 32, 44, 57, 61, 67, 71, 84, 93, 95, 97, 101, 108, 110, 114, 115, 119, 121, 124, 126) : [1.0, 844137.8407712263],
(3, 4, 19, 22, 23, 25, 32, 44, 57, 59, 61, 67, 71, 84, 93, 97, 101, 105, 108, 114, 119, 121, 124, 126) : [1.0, 843003.0116572123],
(3, 4, 14, 22, 23, 25, 32, 44, 57, 61, 64, 67, 71, 82, 84, 93, 97, 101, 108, 114, 119, 121, 124, 126) : [1.0, 831657.6940030679],
(3, 4, 22, 23, 25, 32, 36, 44, 48, 57, 61, 67, 71, 84, 93, 97, 101, 108, 114, 119, 121, 124, 126, 132) : [1.0, 827232.0576004948],
(3, 4, 22, 23, 25, 32, 36, 44, 48, 57, 61, 67, 71, 84, 93, 97, 101, 108, 114, 119, 121, 124, 126, 133) : [1.0, 827232.0576004948],
(3, 4, 13, 22, 23, 25, 32, 48, 57, 61, 67, 71, 78, 79, 84, 93, 97, 101, 114, 123, 124, 126, 127, 131) : [1.0, 822485.5092439232],
(3, 4, 10, 22, 23, 25, 32, 44, 48, 57, 61, 67, 71, 84, 93, 97, 101, 108, 113, 114, 119, 121, 124, 126) : [1.0, 811786.7751805299],
(3, 4, 19, 22, 23, 25, 32, 44, 48, 57, 59, 61, 67, 71, 73, 84, 93, 97, 101, 114, 119, 121, 124, 126) : [1.0, 811416.8006371409],
(3, 4, 13, 22, 23, 25, 32, 36, 44, 48, 57, 61, 67, 71, 84, 93, 97, 101, 108, 114, 119, 121, 124, 126) : [1.0, 807360.2831986593],
(3, 4, 22, 23, 25, 32, 44, 57, 61, 67, 71, 81, 84, 85, 93, 97, 100, 101, 108, 114, 119, 121, 124, 126) : [1.0, 797944.4264785739],
(3, 4, 10, 12, 13, 21, 22, 23, 32, 48, 57, 59, 61, 67, 78, 84, 93, 97, 101, 114, 124, 126, 127, 131) : [1.0, 788984.5146042639],
(3, 4, 18, 19, 22, 23, 25, 32, 44, 57, 61, 67, 71, 79, 84, 93, 97, 101, 108, 114, 119, 121, 124, 126) : [1.0, 782422.4613888524],
(2, 3, 4, 13, 22, 23, 25, 32, 48, 57, 61, 67, 78, 84, 93, 95, 97, 101, 103, 114, 124, 126, 127, 131) : [1.0, 779515.0636081118],
(3, 4, 14, 22, 23, 25, 32, 44, 48, 57, 61, 67, 71, 84, 93, 97, 101, 108, 114, 119, 121, 124, 125, 126) : [1.0, 773377.2628410136],
(3, 4, 13, 14, 18, 22, 23, 32, 36, 48, 57, 61, 67, 78, 84, 93, 97, 101, 103, 114, 124, 126, 127, 131) : [1.0, 773100.8543772985],
(3, 4, 10, 13, 19, 22, 23, 32, 44, 48, 57, 61, 67, 78, 84, 93, 97, 101, 114, 124, 126, 127, 131, 132) : [1.0, 769204.2033038302],
(3, 4, 10, 13, 19, 22, 23, 32, 44, 48, 57, 61, 67, 78, 84, 93, 97, 101, 114, 124, 126, 127, 131, 133) : [1.0, 769204.2033038302],
(3, 4, 22, 23, 25, 32, 44, 48, 57, 61, 67, 71, 84, 93, 97, 101, 108, 111, 112, 114, 119, 121, 124, 126) : [1.0, 767496.319845736],
(3, 4, 14, 22, 23, 25, 32, 44, 48, 57, 61, 67, 71, 78, 84, 93, 97, 101, 114, 115, 119, 121, 124, 126) : [1.0, 767486.835597773],
(3, 4, 22, 23, 25, 32, 44, 48, 51, 57, 61, 67, 71, 84, 93, 97, 101, 108, 112, 114, 119, 121, 124, 126) : [1.0, 762084.8022519561],
(3, 4, 22, 23, 25, 32, 44, 48, 57, 61, 67, 71, 77, 84, 93, 97, 101, 108, 114, 119, 121, 124, 126, 128) : [1.0, 758022.7966921657],
(3, 4, 18, 19, 22, 23, 25, 32, 44, 57, 59, 61, 67, 71, 84, 93, 97, 101, 108, 114, 119, 121, 124, 126) : [1.0, 753181.2840225374],
(3, 4, 22, 23, 25, 32, 44, 57, 59, 61, 67, 71, 81, 84, 93, 97, 101, 103, 108, 114, 119, 121, 124, 126) : [1.0, 727878.2200652389],
(3, 4, 22, 23, 25, 32, 48, 57, 61, 67, 71, 78, 82, 84, 93, 97, 101, 110, 114, 119, 124, 126, 127, 129) : [1.0, 724753.1506701424],
(3, 4, 14, 22, 23, 25, 32, 57, 61, 67, 71, 84, 85, 93, 97, 100, 101, 108, 114, 119, 124, 125, 126, 127) : [1.0, 723866.4198319364],
(3, 4, 14, 22, 23, 25, 32, 57, 61, 67, 71, 79, 84, 93, 97, 101, 108, 114, 119, 121, 123, 124, 126, 127) : [1.0, 720342.5474467626],
(3, 4, 22, 23, 25, 32, 44, 48, 57, 61, 67, 71, 73, 84, 93, 95, 97, 101, 108, 114, 119, 121, 124, 126) : [1.0, 719992.9698908214],
(3, 4, 22, 23, 25, 32, 44, 48, 57, 59, 61, 67, 71, 74, 84, 93, 97, 101, 108, 114, 119, 121, 124, 126) : [1.0, 711214.975954098],
(3, 4, 10, 22, 23, 25, 32, 38, 48, 57, 61, 67, 71, 78, 79, 84, 93, 97, 101, 114, 119, 124, 126, 127) : [1.0, 710330.5779054075],
(3, 4, 22, 23, 25, 32, 44, 48, 56, 57, 61, 67, 71, 84, 93, 97, 101, 108, 112, 114, 119, 121, 124, 126) : [1.0, 709687.3789617764],
(3, 4, 22, 23, 25, 32, 44, 57, 61, 67, 71, 84, 91, 93, 95, 97, 101, 108, 114, 119, 121, 124, 126, 128) : [1.0, 705112.7769251872],
(3, 4, 22, 23, 25, 32, 44, 48, 57, 61, 67, 71, 84, 93, 97, 101, 107, 108, 112, 114, 119, 121, 124, 126) : [1.0, 696446.0303486505],
(3, 4, 20, 22, 23, 25, 32, 44, 48, 57, 61, 67, 71, 84, 93, 97, 101, 108, 112, 114, 119, 121, 124, 126) : [1.0, 694133.9326729177],
(3, 4, 10, 13, 19, 22, 23, 32, 44, 48, 57, 61, 67, 78, 84, 93, 95, 97, 101, 114, 124, 126, 127, 131) : [1.0, 689844.5528052492],
(3, 4, 10, 13, 19, 22, 23, 32, 48, 57, 61, 67, 78, 84, 93, 95, 97, 101, 114, 119, 124, 126, 127, 131) : [1.0, 682388.0530515783],
(3, 4, 13, 14, 22, 23, 32, 36, 38, 48, 57, 61, 67, 78, 84, 93, 97, 100, 101, 114, 124, 125, 126, 131) : [1.0, 682048.8306778823],
(3, 4, 21, 22, 23, 25, 32, 44, 48, 57, 61, 67, 71, 84, 91, 93, 97, 101, 114, 115, 119, 124, 126, 127) : [1.0, 680022.3263867567],
(3, 4, 13, 14, 22, 23, 32, 36, 48, 57, 61, 67, 71, 78, 84, 93, 97, 101, 103, 114, 124, 126, 127, 131) : [1.0, 677880.9847397276],
(3, 4, 10, 13, 19, 22, 23, 32, 44, 48, 56, 57, 61, 67, 78, 84, 93, 97, 101, 114, 124, 126, 127, 131) : [1.0, 677872.6402118201],
(3, 4, 10, 22, 23, 25, 32, 44, 48, 57, 61, 67, 71, 78, 84, 93, 97, 101, 108, 114, 119, 121, 124, 126) : [1.0, 670739.1411558772],
(3, 4, 22, 23, 25, 32, 36, 44, 48, 57, 61, 67, 71, 84, 85, 93, 97, 101, 108, 114, 119, 121, 124, 126) : [1.0, 670140.9039735737],
(3, 4, 14, 22, 23, 25, 32, 44, 48, 57, 61, 67, 71, 84, 93, 97, 101, 108, 114, 115, 119, 121, 124, 126) : [1.0, 668223.8921053214],
(3, 4, 22, 23, 25, 32, 44, 57, 61, 67, 71, 74, 82, 84, 93, 97, 101, 108, 114, 119, 121, 124, 126, 129) : [1.0, 643521.7746994566],
(3, 4, 22, 23, 24, 25, 32, 36, 38, 44, 57, 61, 67, 71, 84, 93, 97, 101, 108, 114, 119, 121, 124, 126) : [1.0, 639905.4736354473],
(3, 4, 22, 23, 25, 32, 44, 48, 57, 61, 67, 71, 84, 93, 97, 101, 108, 114, 119, 121, 124, 126, 127, 128) : [1.0, 636823.1999827061],
(3, 4, 21, 22, 23, 25, 32, 44, 48, 57, 61, 67, 71, 82, 84, 93, 97, 101, 109, 114, 119, 121, 124, 126) : [1.0, 626554.4865129461],
(3, 4, 10, 13, 19, 22, 23, 32, 44, 48, 57, 61, 67, 78, 84, 93, 97, 101, 108, 114, 124, 126, 127, 131) : [1.0, 623867.1132794119],
(3, 4, 14, 22, 23, 25, 32, 44, 57, 61, 67, 71, 82, 84, 93, 97, 101, 108, 114, 119, 121, 124, 125, 126) : [1.0, 620283.6913269096],
(3, 4, 21, 22, 23, 25, 32, 44, 48, 57, 59, 61, 67, 71, 84, 93, 97, 101, 114, 119, 121, 124, 126, 131) : [1.0, 612140.3748311643],
(3, 4, 22, 23, 25, 32, 44, 48, 57, 61, 67, 71, 84, 93, 97, 101, 108, 114, 115, 119, 121, 124, 125, 126) : [1.0, 608849.8185520879],
(3, 4, 19, 22, 23, 25, 32, 44, 48, 57, 61, 65, 67, 71, 84, 93, 97, 101, 108, 114, 119, 121, 124, 126) : [1.0, 607760.3397282282],
(3, 4, 22, 23, 25, 32, 44, 57, 61, 67, 71, 84, 85, 93, 97, 100, 101, 108, 114, 119, 121, 123, 124, 126) : [1.0, 606574.5053167404],
(3, 4, 22, 23, 25, 32, 36, 38, 44, 57, 61, 67, 71, 84, 93, 97, 101, 108, 114, 119, 121, 124, 126, 131) : [1.0, 604258.4755178764],
(3, 4, 19, 22, 23, 25, 31, 32, 44, 48, 57, 61, 67, 71, 84, 93, 97, 101, 108, 114, 119, 121, 124, 126) : [1.0, 602608.0565893465],
(3, 4, 22, 23, 25, 32, 44, 57, 61, 67, 71, 73, 84, 93, 95, 97, 101, 108, 114, 119, 121, 124, 126, 129) : [1.0, 597437.3645786998],
(3, 4, 10, 13, 19, 22, 23, 32, 44, 48, 57, 61, 67, 78, 84, 93, 94, 97, 101, 114, 124, 126, 127, 131) : [1.0, 585807.5331991562],
(3, 4, 22, 23, 25, 32, 38, 44, 48, 57, 61, 67, 71, 82, 84, 93, 97, 101, 108, 114, 119, 121, 124, 126) : [1.0, 585209.5516074444],
(3, 4, 22, 23, 25, 32, 44, 48, 56, 57, 61, 67, 71, 84, 93, 97, 100, 101, 108, 114, 119, 121, 124, 126) : [1.0, 584118.5152638052],
(3, 4, 22, 23, 25, 32, 36, 38, 44, 57, 59, 61, 67, 71, 84, 93, 97, 101, 108, 114, 119, 121, 124, 126) : [1.0, 570344.4110945909],
(3, 4, 21, 22, 23, 25, 32, 44, 48, 57, 61, 67, 71, 73, 84, 93, 97, 101, 114, 115, 119, 121, 124, 126) : [1.0, 565104.5202834638],
(3, 4, 13, 22, 23, 32, 36, 48, 54, 57, 61, 67, 73, 78, 84, 93, 97, 101, 114, 121, 124, 126, 127, 131) : [1.0, 563650.4944375353],
(3, 4, 22, 23, 25, 32, 38, 44, 57, 61, 67, 71, 82, 84, 93, 97, 101, 108, 114, 119, 121, 124, 126, 127) : [1.0, 561649.987732322],
(2, 3, 4, 22, 23, 25, 32, 57, 61, 67, 71, 78, 84, 85, 93, 97, 101, 114, 119, 121, 124, 125, 126, 132) : [1.0, 560345.0108858808],
(2, 3, 4, 22, 23, 25, 32, 57, 61, 67, 71, 78, 84, 85, 93, 97, 101, 114, 119, 121, 124, 125, 126, 133) : [1.0, 560345.0108858808],
(3, 4, 21, 22, 23, 25, 32, 44, 48, 50, 57, 59, 61, 67, 71, 84, 93, 97, 101, 114, 119, 121, 124, 126) : [1.0, 545800.3076856482],
(3, 4, 13, 22, 23, 25, 32, 44, 57, 61, 67, 71, 82, 84, 93, 97, 101, 108, 114, 119, 121, 124, 126, 127) : [1.0, 545199.826428502],
(3, 4, 22, 23, 25, 32, 44, 48, 57, 61, 67, 71, 84, 89, 93, 97, 101, 108, 114, 119, 121, 124, 126, 127) : [1.0, 544113.2003389109],
(3, 4, 22, 23, 25, 32, 44, 57, 59, 61, 67, 71, 84, 93, 97, 101, 103, 108, 114, 119, 121, 124, 126, 129) : [1.0, 542991.3941446269],
(3, 4, 14, 22, 23, 25, 32, 44, 48, 57, 61, 67, 71, 84, 93, 97, 101, 108, 114, 119, 121, 123, 124, 126) : [1.0, 538745.3485587966],
(3, 4, 10, 13, 22, 23, 32, 48, 57, 61, 67, 73, 78, 79, 84, 85, 93, 97, 101, 114, 124, 126, 127, 131) : [1.0, 537972.4365707865],
(3, 4, 22, 23, 25, 32, 36, 44, 48, 57, 61, 67, 71, 84, 93, 97, 101, 108, 114, 119, 121, 123, 124, 126) : [1.0, 528603.3333654435],
(3, 4, 10, 13, 19, 22, 23, 32, 48, 57, 61, 67, 76, 78, 84, 93, 95, 97, 101, 114, 124, 126, 127, 131) : [1.0, 521234.8552304898],
(3, 4, 10, 22, 23, 25, 32, 44, 48, 57, 61, 67, 71, 84, 93, 97, 101, 108, 114, 119, 121, 124, 126, 131) : [1.0, 516949.4475579976],
(3, 4, 22, 23, 25, 32, 44, 57, 61, 67, 71, 74, 84, 93, 96, 97, 101, 103, 108, 114, 119, 121, 124, 126) : [1.0, 516496.7875543332],
(3, 4, 22, 23, 25, 32, 44, 57, 61, 67, 71, 84, 93, 95, 97, 101, 108, 114, 118, 119, 121, 124, 125, 126) : [1.0, 515434.9753211644],
(3, 4, 10, 13, 21, 22, 23, 32, 36, 48, 57, 59, 61, 67, 78, 84, 93, 97, 101, 114, 124, 126, 127, 131) : [1.0, 514076.57583015243],
(2, 3, 4, 22, 23, 25, 32, 44, 57, 61, 67, 71, 73, 84, 85, 93, 97, 101, 108, 114, 119, 121, 124, 126) : [1.0, 512581.70622752217],
(3, 4, 22, 23, 25, 32, 44, 48, 57, 61, 67, 71, 82, 84, 93, 97, 101, 108, 114, 119, 121, 124, 125, 126) : [1.0, 510072.69619192736],
(3, 4, 21, 22, 23, 25, 32, 44, 45, 57, 61, 67, 71, 84, 93, 97, 101, 105, 114, 119, 121, 124, 126, 127) : [1.0, 509527.65711233],
(3, 4, 22, 23, 25, 32, 44, 48, 57, 61, 67, 71, 84, 93, 97, 101, 108, 114, 119, 121, 123, 124, 126, 127) : [1.0, 505608.7534937484],
(3, 4, 13, 22, 23, 25, 32, 48, 57, 61, 67, 71, 78, 84, 93, 97, 101, 114, 121, 123, 124, 126, 127, 131) : [1.0, 499641.6473143894],
