(38, 53, 118, 159, 162, 171, 172, 177) : [1.0, 4.0564819207303384e+32],
(38, 53, 118, 159, 162, 171, 172, 178) : [1.0, 4.0564819207303384e+32],
(38, 53, 118, 159, 162, 171, 172, 179) : [1.0, 4.0564819207303384e+32],
(38, 53, 118, 159, 162, 171, 172, 182) : [1.0, 4.0564819207303384e+32],
(38, 53, 118, 159, 162, 171, 172, 183) : [1.0, 4.0564819207303384e+32],
(38, 53, 118, 159, 162, 171, 172, 184) : [1.0, 4.0564819207303384e+32],
(38, 53, 118, 159, 162, 171, 172, 195) : [1.0, 4.0564819207303384e+32],
(38, 53, 118, 159, 162, 171, 177, 178) : [1.0, 4.0564819207303384e+32],
(38, 53, 118, 159, 162, 171, 177, 179) : [1.0, 4.0564819207303384e+32],
(38, 53, 118, 159, 162, 171, 177, 182) : [1.0, 4.0564819207303384e+32],
(38, 53, 118, 159, 162, 171, 177, 183) : [1.0, 4.0564819207303384e+32],
(38, 53, 118, 159, 162, 171, 177, 184) : [1.0, 4.0564819207303384e+32],
(38, 53, 118, 159, 162, 171, 177, 195) : [1.0, 4.0564819207303384e+32],
(38, 53, 118, 159, 162, 171, 178, 179) : [1.0, 4.0564819207303384e+32],
(38, 53, 118, 159, 162, 171, 178, 182) : [1.0, 4.0564819207303384e+32],
(38, 53, 118, 159, 162, 171, 178, 183) : [1.0, 4.0564819207303384e+32],
(38, 53, 118, 159, 162, 171, 178, 184) : [1.0, 4.0564819207303384e+32],
(38, 53, 118, 159, 162, 171, 178, 195) : [1.0, 4.0564819207303384e+32],
(38, 53, 118, 159, 162, 171, 179, 182) : [1.0, 4.0564819207303384e+32],
(38, 53, 118, 159, 162, 171, 179, 183) : [1.0, 4.0564819207303384e+32],
(38, 53, 118, 159, 162, 171, 179, 184) : [1.0, 4.0564819207303384e+32],
(38, 53, 118, 159, 162, 171, 179, 195) : [1.0, 4.0564819207303384e+32],
(38, 53, 118, 159, 162, 171, 182, 183) : [1.0, 4.0564819207303384e+32],
(38, 53, 118, 159, 162, 171, 182, 184) : [1.0, 4.0564819207303384e+32],
(38, 53, 118, 159, 162, 171, 182, 195) : [1.0, 4.0564819207303384e+32],
(38, 53, 118, 159, 162, 171, 183, 184) : [1.0, 4.0564819207303384e+32],
(38, 53, 118, 159, 162, 171, 183, 195) : [1.0, 4.0564819207303384e+32],
(38, 53, 118, 159, 162, 171, 184, 195) : [1.0, 4.0564819207303384e+32],
(38, 53, 118, 159, 162, 172, 177, 178) : [1.0, 4.0564819207303384e+32],
(38, 53, 118, 159, 162, 172, 177, 179) : [1.0, 4.0564819207303384e+32],
(38, 53, 118, 159, 162, 172, 177, 182) : [1.0, 4.0564819207303384e+32],
(38, 53, 118, 159, 162, 172, 177, 183) : [1.0, 4.0564819207303384e+32],
(38, 53, 118, 159, 162, 172, 177, 184) : [1.0, 4.0564819207303384e+32],
(38, 53, 118, 159, 162, 172, 177, 195) : [1.0, 4.0564819207303384e+32],
(38, 53, 118, 159, 162, 172, 178, 179) : [1.0, 4.0564819207303384e+32],
(38, 53, 118, 159, 162, 172, 178, 182) : [1.0, 4.0564819207303384e+32],
(38, 53, 118, 159, 162, 172, 178, 183) : [1.0, 4.0564819207303384e+32],
(38, 53, 118, 159, 162, 172, 178, 184) : [1.0, 4.0564819207303384e+32],
(38, 53, 118, 159, 162, 172, 178, 195) : [1.0, 4.0564819207303384e+32],
(38, 53, 118, 159, 162, 172, 179, 182) : [1.0, 4.0564819207303384e+32],
(38, 53, 118, 159, 162, 172, 179, 183) : [1.0, 4.0564819207303384e+32],
(38, 53, 118, 159, 162, 172, 179, 184) : [1.0, 4.0564819207303384e+32],
(38, 53, 118, 159, 162, 172, 179, 195) : [1.0, 4.0564819207303384e+32],
(38, 53, 118, 159, 162, 172, 182, 183) : [1.0, 4.0564819207303384e+32],
(38, 53, 118, 159, 162, 172, 182, 184) : [1.0, 4.0564819207303384e+32],
(38, 53, 118, 159, 162, 172, 182, 195) : [1.0, 4.0564819207303384e+32],
(38, 53, 118, 159, 162, 172, 183, 184) : [1.0, 4.0564819207303384e+32],
(38, 53, 118, 159, 162, 172, 183, 195) : [1.0, 4.0564819207303384e+32],
(38, 53, 118, 159, 162, 172, 184, 195) : [1.0, 4.0564819207303384e+32],
(38, 53, 118, 159, 162, 177, 178, 179) : [1.0, 4.0564819207303384e+32],
(38, 53, 118, 159, 162, 177, 178, 182) : [1.0, 4.0564819207303384e+32],
(38, 53, 118, 159, 162, 177, 178, 183) : [1.0, 4.0564819207303384e+32],
(38, 53, 118, 159, 162, 177, 178, 184) : [1.0, 4.0564819207303384e+32],
(38, 53, 118, 159, 162, 177, 178, 195) : [1.0, 4.0564819207303384e+32],
(38, 53, 118, 159, 162, 177, 179, 182) : [1.0, 4.0564819207303384e+32],
(38, 53, 118, 159, 162, 177, 179, 183) : [1.0, 4.0564819207303384e+32],
(38, 53, 118, 159, 162, 177, 179, 184) : [1.0, 4.0564819207303384e+32],
(38, 53, 118, 159, 162, 177, 179, 195) : [1.0, 4.0564819207303384e+32],
(38, 53, 118, 159, 162, 177, 182, 183) : [1.0, 4.0564819207303384e+32],
(38, 53, 118, 159, 162, 177, 182, 184) : [1.0, 4.0564819207303384e+32],
(38, 53, 118, 159, 162, 177, 182, 195) : [1.0, 4.0564819207303384e+32],
(38, 53, 118, 159, 162, 177, 183, 184) : [1.0, 4.0564819207303384e+32],
(38, 53, 118, 159, 162, 177, 183, 195) : [1.0, 4.0564819207303384e+32],
(38, 53, 118, 159, 162, 177, 184, 195) : [1.0, 4.0564819207303384e+32],
(38, 53, 118, 159, 162, 178, 179, 182) : [1.0, 4.0564819207303384e+32],
(38, 53, 118, 159, 162, 178, 179, 183) : [1.0, 4.0564819207303384e+32],
(38, 53, 118, 159, 162, 178, 179, 184) : [1.0, 4.0564819207303384e+32],
(38, 53, 118, 159, 162, 178, 179, 195) : [1.0, 4.0564819207303384e+32],
(38, 53, 118, 159, 162, 178, 182, 183) : [1.0, 4.0564819207303384e+32],
(38, 53, 118, 159, 162, 178, 182, 184) : [1.0, 4.0564819207303384e+32],
(38, 53, 118, 159, 162, 178, 182, 195) : [1.0, 4.0564819207303384e+32],
(38, 53, 118, 159, 162, 178, 183, 184) : [1.0, 4.0564819207303384e+32],
(38, 53, 118, 159, 162, 178, 183, 195) : [1.0, 4.0564819207303384e+32],
(38, 53, 118, 159, 162, 178, 184, 195) : [1.0, 4.0564819207303384e+32],
(38, 53, 118, 159, 162, 179, 182, 183) : [1.0, 4.0564819207303384e+32],
(38, 53, 118, 159, 162, 179, 182, 184) : [1.0, 4.0564819207303384e+32],
(38, 53, 118, 159, 162, 179, 182, 195) : [1.0, 4.0564819207303384e+32],
(38, 53, 118, 159, 162, 179, 183, 184) : [1.0, 4.0564819207303384e+32],
(38, 53, 118, 159, 162, 179, 183, 195) : [1.0, 4.0564819207303384e+32],
(38, 53, 118, 159, 162, 179, 184, 195) : [1.0, 4.0564819207303384e+32],
(38, 53, 118, 159, 162, 182, 183, 184) : [1.0, 4.0564819207303384e+32],
(38, 53, 118, 159, 162, 182, 183, 195) : [1.0, 4.0564819207303384e+32],
(38, 53, 118, 159, 162, 182, 184, 195) : [1.0, 4.0564819207303384e+32],
(38, 53, 118, 159, 162, 183, 184, 195) : [1.0, 4.0564819207303384e+32],
(38, 53, 118, 159, 171, 172, 177, 178) : [1.0, 4.0564819207303384e+32],
(38, 53, 118, 159, 171, 172, 177, 179) : [1.0, 4.0564819207303384e+32],
(38, 53, 118, 159, 171, 172, 177, 182) : [1.0, 4.0564819207303384e+32],
(38, 53, 118, 159, 171, 172, 177, 183) : [1.0, 4.0564819207303384e+32],
(38, 53, 118, 159, 171, 172, 177, 184) : [1.0, 4.0564819207303384e+32],
(38, 53, 118, 159, 171, 172, 177, 195) : [1.0, 4.0564819207303384e+32],
(38, 53, 118, 159, 171, 172, 178, 179) : [1.0, 4.0564819207303384e+32],
(38, 53, 118, 159, 171, 172, 178, 182) : [1.0, 4.0564819207303384e+32],
(38, 53, 118, 159, 171, 172, 178, 183) : [1.0, 4.0564819207303384e+32],
(38, 53, 118, 159, 171, 172, 178, 184) : [1.0, 4.0564819207303384e+32],
(38, 53, 118, 159, 171, 172, 178, 195) : [1.0, 4.0564819207303384e+32],
(38, 53, 118, 159, 171, 172, 179, 182) : [1.0, 4.0564819207303384e+32],
(38, 53, 118, 159, 171, 172, 179, 183) : [1.0, 4.0564819207303384e+32],
(38, 53, 118, 159, 171, 172, 179, 184) : [1.0, 4.0564819207303384e+32],
(38, 53, 118, 159, 171, 172, 179, 195) : [1.0, 4.0564819207303384e+32],
(38, 53, 118, 159, 171, 172, 182, 183) : [1.0, 4.0564819207303384e+32],
(38, 53, 118, 159, 171, 172, 182, 184) : [1.0, 4.0564819207303384e+32],
(38, 53, 118, 159, 171, 172, 182, 195) : [1.0, 4.0564819207303384e+32],
(38, 53, 118, 159, 171, 172, 183, 184) : [1.0, 4.0564819207303384e+32],
(38, 53, 118, 159, 171, 172, 183, 195) : [1.0, 4.0564819207303384e+32],
(38, 53, 118, 159, 171, 172, 184, 195) : [1.0, 4.0564819207303384e+32],
(38, 53, 118, 159, 171, 177, 178, 179) : [1.0, 4.0564819207303384e+32],
(38, 53, 118, 159, 171, 177, 178, 182) : [1.0, 4.0564819207303384e+32],
(38, 53, 118, 159, 171, 177, 178, 183) : [1.0, 4.0564819207303384e+32],
(38, 53, 118, 159, 171, 177, 178, 184) : [1.0, 4.0564819207303384e+32],
(38, 53, 118, 159, 171, 177, 178, 195) : [1.0, 4.0564819207303384e+32],
(38, 53, 118, 159, 171, 177, 179, 182) : [1.0, 4.0564819207303384e+32],
(38, 53, 118, 159, 171, 177, 179, 183) : [1.0, 4.0564819207303384e+32],
(38, 53, 118, 159, 171, 177, 179, 184) : [1.0, 4.0564819207303384e+32],
(38, 53, 118, 159, 171, 177, 179, 195) : [1.0, 4.0564819207303384e+32],
(38, 53, 118, 159, 171, 177, 182, 183) : [1.0, 4.0564819207303384e+32],
(38, 53, 118, 159, 171, 177, 182, 184) : [1.0, 4.0564819207303384e+32],
(38, 53, 118, 159, 171, 177, 182, 195) : [1.0, 4.0564819207303384e+32],
(38, 53, 118, 159, 171, 177, 183, 184) : [1.0, 4.0564819207303384e+32],
(38, 53, 118, 159, 171, 177, 183, 195) : [1.0, 4.0564819207303384e+32],
(38, 53, 118, 159, 171, 177, 184, 195) : [1.0, 4.0564819207303384e+32],
(38, 53, 118, 159, 171, 178, 179, 182) : [1.0, 4.0564819207303384e+32],
(38, 53, 118, 159, 171, 178, 179, 183) : [1.0, 4.0564819207303384e+32],
(38, 53, 118, 159, 171, 178, 179, 184) : [1.0, 4.0564819207303384e+32],
(38, 53, 118, 159, 171, 178, 179, 195) : [1.0, 4.0564819207303384e+32],
(38, 53, 118, 159, 171, 178, 182, 183) : [1.0, 4.0564819207303384e+32],
(38, 53, 118, 159, 171, 178, 182, 184) : [1.0, 4.0564819207303384e+32],
(38, 53, 118, 159, 171, 178, 182, 195) : [1.0, 4.0564819207303384e+32],
(38, 53, 118, 159, 171, 178, 183, 184) : [1.0, 4.0564819207303384e+32],
(38, 53, 118, 159, 171, 178, 183, 195) : [1.0, 4.0564819207303384e+32],
(38, 53, 118, 159, 171, 178, 184, 195) : [1.0, 4.0564819207303384e+32],
(38, 53, 118, 159, 171, 179, 182, 183) : [1.0, 4.0564819207303384e+32],
(38, 53, 118, 159, 171, 179, 182, 184) : [1.0, 4.0564819207303384e+32],
(38, 53, 118, 159, 171, 179, 182, 195) : [1.0, 4.0564819207303384e+32],
(38, 53, 118, 159, 171, 179, 183, 184) : [1.0, 4.0564819207303384e+32],
(38, 53, 118, 159, 171, 179, 183, 195) : [1.0, 4.0564819207303384e+32],
(38, 53, 118, 159, 171, 179, 184, 195) : [1.0, 4.0564819207303384e+32],
(38, 53, 118, 159, 171, 182, 183, 184) : [1.0, 4.0564819207303384e+32],
(38, 53, 118, 159, 171, 182, 183, 195) : [1.0, 4.0564819207303384e+32],
(38, 53, 118, 159, 171, 182, 184, 195) : [1.0, 4.0564819207303384e+32],
(38, 53, 118, 159, 171, 183, 184, 195) : [1.0, 4.0564819207303384e+32],
(38, 53, 118, 159, 172, 177, 178, 179) : [1.0, 4.0564819207303384e+32],
(38, 53, 118, 159, 172, 177, 178, 182) : [1.0, 4.0564819207303384e+32],
(38, 53, 118, 159, 172, 177, 178, 183) : [1.0, 4.0564819207303384e+32],
(38, 53, 118, 159, 172, 177, 178, 184) : [1.0, 4.0564819207303384e+32],
(38, 53, 118, 159, 172, 177, 178, 195) : [1.0, 4.0564819207303384e+32],
(38, 53, 118, 159, 172, 177, 179, 182) : [1.0, 4.0564819207303384e+32],
(38, 53, 118, 159, 172, 177, 179, 183) : [1.0, 4.0564819207303384e+32],
(38, 53, 118, 159, 172, 177, 179, 184) : [1.0, 4.0564819207303384e+32],
(38, 53, 118, 159, 172, 177, 179, 195) : [1.0, 4.0564819207303384e+32],
(38, 53, 118, 159, 172, 177, 182, 183) : [1.0, 4.0564819207303384e+32],
(38, 53, 118, 159, 172, 177, 182, 184) : [1.0, 4.0564819207303384e+32],
(38, 53, 118, 159, 172, 177, 182, 195) : [1.0, 4.0564819207303384e+32],
(38, 53, 118, 159, 172, 177, 183, 184) : [1.0, 4.0564819207303384e+32],
(38, 53, 118, 159, 172, 177, 183, 195) : [1.0, 4.0564819207303384e+32],
(38, 53, 118, 159, 172, 177, 184, 195) : [1.0, 4.0564819207303384e+32],
(38, 53, 118, 159, 172, 178, 179, 182) : [1.0, 4.0564819207303384e+32],
(38, 53, 118, 159, 172, 178, 179, 183) : [1.0, 4.0564819207303384e+32],
(38, 53, 118, 159, 172, 178, 179, 184) : [1.0, 4.0564819207303384e+32],
(38, 53, 118, 159, 172, 178, 179, 195) : [1.0, 4.0564819207303384e+32],
(38, 53, 118, 159, 172, 178, 182, 183) : [1.0, 4.0564819207303384e+32],
(38, 53, 118, 159, 172, 178, 182, 184) : [1.0, 4.0564819207303384e+32],
(38, 53, 118, 159, 172, 178, 182, 195) : [1.0, 4.0564819207303384e+32],
(38, 53, 118, 159, 172, 178, 183, 184) : [1.0, 4.0564819207303384e+32],
(38, 53, 118, 159, 172, 178, 183, 195) : [1.0, 4.0564819207303384e+32],
(38, 53, 118, 159, 172, 178, 184, 195) : [1.0, 4.0564819207303384e+32],
(38, 53, 118, 159, 172, 179, 182, 183) : [1.0, 4.0564819207303384e+32],
(38, 53, 118, 159, 172, 179, 182, 184) : [1.0, 4.0564819207303384e+32],
(38, 53, 118, 159, 172, 179, 182, 195) : [1.0, 4.0564819207303384e+32],
(38, 53, 118, 159, 172, 179, 183, 184) : [1.0, 4.0564819207303384e+32],
(38, 53, 118, 159, 172, 179, 183, 195) : [1.0, 4.0564819207303384e+32],
(38, 53, 118, 159, 172, 179, 184, 195) : [1.0, 4.0564819207303384e+32],
(38, 53, 118, 159, 172, 182, 183, 184) : [1.0, 4.0564819207303384e+32],
(38, 53, 118, 159, 172, 182, 183, 195) : [1.0, 4.0564819207303384e+32],
(38, 53, 118, 159, 172, 182, 184, 195) : [1.0, 4.0564819207303384e+32],
(38, 53, 118, 159, 172, 183, 184, 195) : [1.0, 4.0564819207303384e+32],
(38, 53, 118, 159, 177, 178, 179, 182) : [1.0, 4.0564819207303384e+32],
(38, 53, 118, 159, 177, 178, 179, 183) : [1.0, 4.0564819207303384e+32],
(38, 53, 118, 159, 177, 178, 179, 184) : [1.0, 4.0564819207303384e+32],
(38, 53, 118, 159, 177, 178, 179, 195) : [1.0, 4.0564819207303384e+32],
(38, 53, 118, 159, 177, 178, 182, 183) : [1.0, 4.0564819207303384e+32],
(38, 53, 118, 159, 177, 178, 182, 184) : [1.0, 4.0564819207303384e+32],
(38, 53, 118, 159, 177, 178, 182, 195) : [1.0, 4.0564819207303384e+32],
(38, 53, 118, 159, 177, 178, 183, 184) : [1.0, 4.0564819207303384e+32],
(38, 53, 118, 159, 177, 178, 183, 195) : [1.0, 4.0564819207303384e+32],
(38, 53, 118, 159, 177, 178, 184, 195) : [1.0, 4.0564819207303384e+32],
(38, 53, 118, 159, 177, 179, 182, 183) : [1.0, 4.0564819207303384e+32],
(38, 53, 118, 159, 177, 179, 182, 184) : [1.0, 4.0564819207303384e+32],
(38, 53, 118, 159, 177, 179, 182, 195) : [1.0, 4.0564819207303384e+32],
(38, 53, 118, 159, 177, 179, 183, 184) : [1.0, 4.0564819207303384e+32],
(38, 53, 118, 159, 177, 179, 183, 195) : [1.0, 4.0564819207303384e+32],
(38, 53, 118, 159, 177, 179, 184, 195) : [1.0, 4.0564819207303384e+32],
(38, 53, 118, 159, 177, 182, 183, 184) : [1.0, 4.0564819207303384e+32],
(38, 53, 118, 159, 177, 182, 183, 195) : [1.0, 4.0564819207303384e+32],
(38, 53, 118, 159, 177, 182, 184, 195) : [1.0, 4.0564819207303384e+32],
(38, 53, 118, 159, 177, 183, 184, 195) : [1.0, 4.0564819207303384e+32],
(38, 53, 118, 159, 178, 179, 182, 183) : [1.0, 4.0564819207303384e+32],
(38, 53, 118, 159, 178, 179, 182, 184) : [1.0, 4.0564819207303384e+32],
(38, 53, 118, 159, 178, 179, 182, 195) : [1.0, 4.0564819207303384e+32],
(38, 53, 118, 159, 178, 179, 183, 184) : [1.0, 4.0564819207303384e+32],
(38, 53, 118, 159, 178, 179, 183, 195) : [1.0, 4.0564819207303384e+32],
