2 : [38, 53],
3 : [38, 53, 118],
4 : [38, 53, 118, 159],
5 : [38, 53, 118, 159, 162],
6 : [38, 53, 118, 159, 162, 171],
7 : [38, 53, 118, 159, 162, 171, 172],
8 : [38, 53, 118, 159, 162, 171, 172, 177],
9 : [38, 53, 118, 159, 162, 171, 172, 177, 178],
10 : [38, 53, 118, 159, 162, 171, 172, 177, 178, 179],
11 : [38, 53, 118, 159, 162, 171, 172, 177, 178, 179, 182],
12 : [38, 53, 118, 159, 162, 171, 172, 177, 178, 179, 182, 183],
13 : [38, 53, 118, 159, 162, 171, 172, 177, 178, 179, 182, 183, 184],
14 : [38, 53, 118, 159, 162, 171, 172, 177, 178, 179, 182, 183, 184, 195],
